862.jpg	1	0	0	0	0	0	0	0	0
312.jpg	1	0	0	0	0	0	0	0	0
233.jpg	1	0	0	0	0	0	0	0	0
1895.jpg	1	0	0	0	0	0	0	0	0
1100.jpg	1	0	0	0	0	0	0	0	0
1591.jpg	1	0	0	0	0	0	0	0	0
329.jpg	1	0	0	0	0	0	0	0	0
1662.jpg	1	0	0	0	0	0	0	0	0
2845.jpg	1	0	0	0	0	0	0	0	0
1221.jpg	1	0	0	0	0	0	0	0	0
2722.jpg	1	0	0	0	0	0	0	0	0
24.jpg	1	0	0	0	0	0	0	0	0
2849.jpg	1	0	0	0	0	0	0	0	0
2835.jpg	1	0	0	0	0	0	0	0	0
1273.jpg	1	0	0	0	0	0	0	0	0
2189.jpg	1	0	0	0	0	0	0	0	0
257.jpg	1	0	0	0	0	0	0	0	0
1817.jpg	1	0	0	0	0	0	0	0	0
907.jpg	1	0	0	0	0	0	0	0	0
1068.jpg	1	0	0	0	0	0	0	0	0
2006.jpg	1	0	0	0	0	0	0	0	0
1644.jpg	1	0	0	0	0	0	0	0	0
521.jpg	1	0	0	0	0	0	0	0	0
54.jpg	1	0	0	0	0	0	0	0	0
2887.jpg	1	0	0	0	0	0	0	0	0
1363.jpg	1	0	0	0	0	0	0	0	0
2088.jpg	1	0	0	0	0	0	0	0	0
1539.jpg	1	0	0	0	0	0	0	0	0
1136.jpg	1	0	0	0	0	0	0	0	0
1366.jpg	1	0	0	0	0	0	0	0	0
1860.jpg	1	0	0	0	0	0	0	0	0
1533.jpg	1	0	0	0	0	0	0	0	0
1287.jpg	1	0	0	0	0	0	0	0	0
1235.jpg	1	0	0	0	0	0	0	0	0
1724.jpg	1	0	0	0	0	0	0	0	0
1967.jpg	1	0	0	0	0	0	0	0	0
200.jpg	1	0	0	0	0	0	0	0	0
2707.jpg	1	0	0	0	0	0	0	0	0
173.jpg	1	0	0	0	0	0	0	0	0
2864.jpg	1	0	0	0	0	0	0	0	0
408.jpg	1	0	0	0	0	0	0	0	0
2921.jpg	1	0	0	0	0	0	0	0	0
1057.jpg	1	0	0	0	0	0	0	0	0
2888.jpg	1	0	0	0	0	0	0	0	0
1645.jpg	1	0	0	0	0	0	0	0	0
1457.jpg	1	0	0	0	0	0	0	0	0
1440.jpg	1	0	0	0	0	0	0	0	0
2283.jpg	1	0	0	0	0	0	0	0	0
2191.jpg	1	0	0	0	0	0	0	0	0
1911.jpg	1	0	0	0	0	0	0	0	0
1041.jpg	1	0	0	0	0	0	0	0	0
1567.jpg	1	0	0	0	0	0	0	0	0
1250.jpg	1	0	0	0	0	0	0	0	0
1827.jpg	1	0	0	0	0	0	0	0	0
1007.jpg	1	0	0	0	0	0	0	0	0
1420.jpg	1	0	0	0	0	0	0	0	0
133.jpg	1	0	0	0	0	0	0	0	0
1782.jpg	1	0	0	0	0	0	0	0	0
1031.jpg	1	0	0	0	0	0	0	0	0
1587.jpg	1	0	0	0	0	0	0	0	0
1896.jpg	1	0	0	0	0	0	0	0	0
1592.jpg	1	0	0	0	0	0	0	0	0
2890.jpg	1	0	0	0	0	0	0	0	0
7.jpg	1	0	0	0	0	0	0	0	0
1656.jpg	1	0	0	0	0	0	0	0	0
2250.jpg	1	0	0	0	0	0	0	0	0
1085.jpg	1	0	0	0	0	0	0	0	0
1736.jpg	1	0	0	0	0	0	0	0	0
1450.jpg	1	0	0	0	0	0	0	0	0
1578.jpg	1	0	0	0	0	0	0	0	0
2244.jpg	1	0	0	0	0	0	0	0	0
2895.jpg	1	0	0	0	0	0	0	0	0
82.jpg	1	0	0	0	0	0	0	0	0
1514.jpg	1	0	0	0	0	0	0	0	0
2923.jpg	1	0	0	0	0	0	0	0	0
264.jpg	1	0	0	0	0	0	0	0	0
2738.jpg	1	0	0	0	0	0	0	0	0
388.jpg	1	0	0	0	0	0	0	0	0
1208.jpg	1	0	0	0	0	0	0	0	0
1561.jpg	1	0	0	0	0	0	0	0	0
2734.jpg	1	0	0	0	0	0	0	0	0
1200.jpg	1	0	0	0	0	0	0	0	0
353.jpg	1	0	0	0	0	0	0	0	0
228.jpg	1	0	0	0	0	0	0	0	0
2246.jpg	1	0	0	0	0	0	0	0	0
1942.jpg	1	0	0	0	0	0	0	0	0
912.jpg	1	0	0	0	0	0	0	0	0
235.jpg	1	0	0	0	0	0	0	0	0
1396.jpg	1	0	0	0	0	0	0	0	0
1025.jpg	1	0	0	0	0	0	0	0	0
2195.jpg	1	0	0	0	0	0	0	0	0
1898.jpg	1	0	0	0	0	0	0	0	0
171.jpg	1	0	0	0	0	0	0	0	0
756.jpg	1	0	0	0	0	0	0	0	0
1334.jpg	1	0	0	0	0	0	0	0	0
1344.jpg	1	0	0	0	0	0	0	0	0
1261.jpg	1	0	0	0	0	0	0	0	0
2041.jpg	1	0	0	0	0	0	0	0	0
2095.jpg	1	0	0	0	0	0	0	0	0
888.jpg	1	0	0	0	0	0	0	0	0
1643.jpg	1	0	0	0	0	0	0	0	0
67.jpg	1	0	0	0	0	0	0	0	0
186.jpg	1	0	0	0	0	0	0	0	0
2073.jpg	1	0	0	0	0	0	0	0	0
352.jpg	1	0	0	0	0	0	0	0	0
1961.jpg	1	0	0	0	0	0	0	0	0
1122.jpg	1	0	0	0	0	0	0	0	0
1869.jpg	1	0	0	0	0	0	0	0	0
1955.jpg	1	0	0	0	0	0	0	0	0
2238.jpg	1	0	0	0	0	0	0	0	0
1475.jpg	1	0	0	0	0	0	0	0	0
1789.jpg	1	0	0	0	0	0	0	0	0
1436.jpg	1	0	0	0	0	0	0	0	0
310.jpg	1	0	0	0	0	0	0	0	0
2078.jpg	1	0	0	0	0	0	0	0	0
2886.jpg	1	0	0	0	0	0	0	0	0
1452.jpg	1	0	0	0	0	0	0	0	0
1453.jpg	1	0	0	0	0	0	0	0	0
1499.jpg	1	0	0	0	0	0	0	0	0
1890.jpg	1	0	0	0	0	0	0	0	0
1217.jpg	1	0	0	0	0	0	0	0	0
46.jpg	1	0	0	0	0	0	0	0	0
1297.jpg	1	0	0	0	0	0	0	0	0
240.jpg	1	0	0	0	0	0	0	0	0
2925.jpg	1	0	0	0	0	0	0	0	0
817.jpg	1	0	0	0	0	0	0	0	0
68.jpg	1	0	0	0	0	0	0	0	0
1375.jpg	1	0	0	0	0	0	0	0	0
509.jpg	1	0	0	0	0	0	0	0	0
1422.jpg	1	0	0	0	0	0	0	0	0
6.jpg	1	0	0	0	0	0	0	0	0
2865.jpg	1	0	0	0	0	0	0	0	0
1034.jpg	1	0	0	0	0	0	0	0	0
1089.jpg	1	0	0	0	0	0	0	0	0
2297.jpg	1	0	0	0	0	0	0	0	0
89.jpg	1	0	0	0	0	0	0	0	0
1647.jpg	1	0	0	0	0	0	0	0	0
1503.jpg	1	0	0	0	0	0	0	0	0
311.jpg	1	0	0	0	0	0	0	0	0
2085.jpg	1	0	0	0	0	0	0	0	0
2711.jpg	1	0	0	0	0	0	0	0	0
858.jpg	1	0	0	0	0	0	0	0	0
2877.jpg	1	0	0	0	0	0	0	0	0
2727.jpg	1	0	0	0	0	0	0	0	0
41.jpg	1	0	0	0	0	0	0	0	0
1177.jpg	1	0	0	0	0	0	0	0	0
1908.jpg	1	0	0	0	0	0	0	0	0
244.jpg	1	0	0	0	0	0	0	0	0
1277.jpg	1	0	0	0	0	0	0	0	0
1831.jpg	1	0	0	0	0	0	0	0	0
1562.jpg	1	0	0	0	0	0	0	0	0
1634.jpg	1	0	0	0	0	0	0	0	0
1096.jpg	1	0	0	0	0	0	0	0	0
2881.jpg	1	0	0	0	0	0	0	0	0
386.jpg	1	0	0	0	0	0	0	0	0
407.jpg	1	0	0	0	0	0	0	0	0
573.jpg	1	0	0	0	0	0	0	0	0
17.jpg	1	0	0	0	0	0	0	0	0
1978.jpg	1	0	0	0	0	0	0	0	0
2156.jpg	1	0	0	0	0	0	0	0	0
1435.jpg	1	0	0	0	0	0	0	0	0
1947.jpg	1	0	0	0	0	0	0	0	0
27.jpg	1	0	0	0	0	0	0	0	0
1696.jpg	1	0	0	0	0	0	0	0	0
1576.jpg	1	0	0	0	0	0	0	0	0
1617.jpg	1	0	0	0	0	0	0	0	0
22.jpg	1	0	0	0	0	0	0	0	0
1416.jpg	1	0	0	0	0	0	0	0	0
1609.jpg	1	0	0	0	0	0	0	0	0
2009.jpg	1	0	0	0	0	0	0	0	0
262.jpg	1	0	0	0	0	0	0	0	0
1412.jpg	1	0	0	0	0	0	0	0	0
1799.jpg	1	0	0	0	0	0	0	0	0
1374.jpg	1	0	0	0	0	0	0	0	0
1517.jpg	1	0	0	0	0	0	0	0	0
48.jpg	1	0	0	0	0	0	0	0	0
2709.jpg	1	0	0	0	0	0	0	0	0
241.jpg	1	0	0	0	0	0	0	0	0
9.jpg	1	0	0	0	0	0	0	0	0
252.jpg	1	0	0	0	0	0	0	0	0
1832.jpg	1	0	0	0	0	0	0	0	0
1455.jpg	1	0	0	0	0	0	0	0	0
1332.jpg	1	0	0	0	0	0	0	0	0
437.jpg	1	0	0	0	0	0	0	0	0
1397.jpg	1	0	0	0	0	0	0	0	0
2024.jpg	1	0	0	0	0	0	0	0	0
1254.jpg	1	0	0	0	0	0	0	0	0
2307.jpg	1	0	0	0	0	0	0	0	0
2852.jpg	1	0	0	0	0	0	0	0	0
2124.jpg	1	0	0	0	0	0	0	0	0
1985.jpg	1	0	0	0	0	0	0	0	0
1583.jpg	1	0	0	0	0	0	0	0	0
995.jpg	1	0	0	0	0	0	0	0	0
1466.jpg	1	0	0	0	0	0	0	0	0
1701.jpg	1	0	0	0	0	0	0	0	0
1833.jpg	1	0	0	0	0	0	0	0	0
53.jpg	1	0	0	0	0	0	0	0	0
1757.jpg	1	0	0	0	0	0	0	0	0
55.jpg	1	0	0	0	0	0	0	0	0
2001.jpg	1	0	0	0	0	0	0	0	0
1599.jpg	1	0	0	0	0	0	0	0	0
994.jpg	1	0	0	0	0	0	0	0	0
1073.jpg	1	0	0	0	0	0	0	0	0
2859.jpg	1	0	0	0	0	0	0	0	0
1359.jpg	1	0	0	0	0	0	0	0	0
1875.jpg	1	0	0	0	0	0	0	0	0
1798.jpg	1	0	0	0	0	0	0	0	0
98.jpg	1	0	0	0	0	0	0	0	0
16.jpg	1	0	0	0	0	0	0	0	0
452.jpg	1	0	0	0	0	0	0	0	0
1189.jpg	1	0	0	0	0	0	0	0	0
273.jpg	1	0	0	0	0	0	0	0	0
1727.jpg	1	0	0	0	0	0	0	0	0
1620.jpg	1	0	0	0	0	0	0	0	0
1187.jpg	1	0	0	0	0	0	0	0	0
1472.jpg	1	0	0	0	0	0	0	0	0
104.jpg	1	0	0	0	0	0	0	0	0
1427.jpg	1	0	0	0	0	0	0	0	0
1150.jpg	1	0	0	0	0	0	0	0	0
2065.jpg	1	0	0	0	0	0	0	0	0
2083.jpg	1	0	0	0	0	0	0	0	0
1454.jpg	1	0	0	0	0	0	0	0	0
2042.jpg	1	0	0	0	0	0	0	0	0
1421.jpg	1	0	0	0	0	0	0	0	0
1953.jpg	1	0	0	0	0	0	0	0	0
2081.jpg	1	0	0	0	0	0	0	0	0
1997.jpg	1	0	0	0	0	0	0	0	0
1569.jpg	1	0	0	0	0	0	0	0	0
316.jpg	1	0	0	0	0	0	0	0	0
2014.jpg	1	0	0	0	0	0	0	0	0
1425.jpg	1	0	0	0	0	0	0	0	0
1438.jpg	1	0	0	0	0	0	0	0	0
2730.jpg	1	0	0	0	0	0	0	0	0
1463.jpg	1	0	0	0	0	0	0	0	0
165.jpg	1	0	0	0	0	0	0	0	0
1188.jpg	1	0	0	0	0	0	0	0	0
2820.jpg	1	0	0	0	0	0	0	0	0
1904.jpg	1	0	0	0	0	0	0	0	0
1065.jpg	1	0	0	0	0	0	0	0	0
141.jpg	1	0	0	0	0	0	0	0	0
285.jpg	1	0	0	0	0	0	0	0	0
2918.jpg	1	0	0	0	0	0	0	0	0
1538.jpg	1	0	0	0	0	0	0	0	0
81.jpg	1	0	0	0	0	0	0	0	0
2715.jpg	1	0	0	0	0	0	0	0	0
582.jpg	1	0	0	0	0	0	0	0	0
996.jpg	1	0	0	0	0	0	0	0	0
362.jpg	1	0	0	0	0	0	0	0	0
1274.jpg	1	0	0	0	0	0	0	0	0
1109.jpg	1	0	0	0	0	0	0	0	0
116.jpg	1	0	0	0	0	0	0	0	0
1641.jpg	1	0	0	0	0	0	0	0	0
2017.jpg	1	0	0	0	0	0	0	0	0
2011.jpg	1	0	0	0	0	0	0	0	0
406.jpg	1	0	0	0	0	0	0	0	0
2019.jpg	1	0	0	0	0	0	0	0	0
2175.jpg	1	0	0	0	0	0	0	0	0
2780.jpg	1	0	0	0	0	0	0	0	0
2870.jpg	1	0	0	0	0	0	0	0	0
2266.jpg	1	0	0	0	0	0	0	0	0
1428.jpg	1	0	0	0	0	0	0	0	0
2145.jpg	1	0	0	0	0	0	0	0	0
1361.jpg	1	0	0	0	0	0	0	0	0
215.jpg	1	0	0	0	0	0	0	0	0
852.jpg	1	0	0	0	0	0	0	0	0
2028.jpg	1	0	0	0	0	0	0	0	0
2166.jpg	1	0	0	0	0	0	0	0	0
1013.jpg	1	0	0	0	0	0	0	0	0
272.jpg	1	0	0	0	0	0	0	0	0
2069.jpg	1	0	0	0	0	0	0	0	0
2694.jpg	1	0	0	0	0	0	0	0	0
2868.jpg	1	0	0	0	0	0	0	0	0
1625.jpg	1	0	0	0	0	0	0	0	0
2146.jpg	1	0	0	0	0	0	0	0	0
368.jpg	1	0	0	0	0	0	0	0	0
198.jpg	1	0	0	0	0	0	0	0	0
1197.jpg	1	0	0	0	0	0	0	0	0
1853.jpg	1	0	0	0	0	0	0	0	0
179.jpg	1	0	0	0	0	0	0	0	0
511.jpg	1	0	0	0	0	0	0	0	0
2184.jpg	1	0	0	0	0	0	0	0	0
2807.jpg	1	0	0	0	0	0	0	0	0
1773.jpg	1	0	0	0	0	0	0	0	0
2036.jpg	1	0	0	0	0	0	0	0	0
443.jpg	1	0	0	0	0	0	0	0	0
1673.jpg	1	0	0	0	0	0	0	0	0
2202.jpg	1	0	0	0	0	0	0	0	0
1373.jpg	1	0	0	0	0	0	0	0	0
289.jpg	1	0	0	0	0	0	0	0	0
1710.jpg	1	0	0	0	0	0	0	0	0
153.jpg	1	0	0	0	0	0	0	0	0
1972.jpg	1	0	0	0	0	0	0	0	0
1974.jpg	1	0	0	0	0	0	0	0	0
2798.jpg	1	0	0	0	0	0	0	0	0
190.jpg	1	0	0	0	0	0	0	0	0
1648.jpg	1	0	0	0	0	0	0	0	0
424.jpg	1	0	0	0	0	0	0	0	0
2836.jpg	1	0	0	0	0	0	0	0	0
1147.jpg	1	0	0	0	0	0	0	0	0
265.jpg	1	0	0	0	0	0	0	0	0
1384.jpg	1	0	0	0	0	0	0	0	0
320.jpg	1	0	0	0	0	0	0	0	0
1494.jpg	1	0	0	0	0	0	0	0	0
1119.jpg	1	0	0	0	0	0	0	0	0
1690.jpg	1	0	0	0	0	0	0	0	0
2879.jpg	1	0	0	0	0	0	0	0	0
2162.jpg	1	0	0	0	0	0	0	0	0
2233.jpg	1	0	0	0	0	0	0	0	0
1628.jpg	1	0	0	0	0	0	0	0	0
2136.jpg	1	0	0	0	0	0	0	0	0
1369.jpg	1	0	0	0	0	0	0	0	0
371.jpg	1	0	0	0	0	0	0	0	0
1088.jpg	1	0	0	0	0	0	0	0	0
144.jpg	1	0	0	0	0	0	0	0	0
2911.jpg	1	0	0	0	0	0	0	0	0
1707.jpg	1	0	0	0	0	0	0	0	0
130.jpg	1	0	0	0	0	0	0	0	0
2745.jpg	1	0	0	0	0	0	0	0	0
1243.jpg	1	0	0	0	0	0	0	0	0
1309.jpg	1	0	0	0	0	0	0	0	0
1252.jpg	1	0	0	0	0	0	0	0	0
1777.jpg	1	0	0	0	0	0	0	0	0
1487.jpg	1	0	0	0	0	0	0	0	0
1572.jpg	1	0	0	0	0	0	0	0	0
2117.jpg	1	0	0	0	0	0	0	0	0
1525.jpg	1	0	0	0	0	0	0	0	0
2465.jpg	1	0	0	0	0	0	0	0	0
1565.jpg	1	0	0	0	0	0	0	0	0
2760.jpg	1	0	0	0	0	0	0	0	0
1042.jpg	1	0	0	0	0	0	0	0	0
2080.jpg	1	0	0	0	0	0	0	0	0
1329.jpg	1	0	0	0	0	0	0	0	0
1979.jpg	1	0	0	0	0	0	0	0	0
1232.jpg	1	0	0	0	0	0	0	0	0
1750.jpg	1	0	0	0	0	0	0	0	0
1812.jpg	1	0	0	0	0	0	0	0	0
283.jpg	1	0	0	0	0	0	0	0	0
1175.jpg	1	0	0	0	0	0	0	0	0
1327.jpg	1	0	0	0	0	0	0	0	0
1558.jpg	1	0	0	0	0	0	0	0	0
1399.jpg	1	0	0	0	0	0	0	0	0
1573.jpg	1	0	0	0	0	0	0	0	0
1610.jpg	1	0	0	0	0	0	0	0	0
1164.jpg	1	0	0	0	0	0	0	0	0
2090.jpg	1	0	0	0	0	0	0	0	0
2276.jpg	1	0	0	0	0	0	0	0	0
2708.jpg	1	0	0	0	0	0	0	0	0
1023.jpg	1	0	0	0	0	0	0	0	0
2050.jpg	1	0	0	0	0	0	0	0	0
162.jpg	1	0	0	0	0	0	0	0	0
163.jpg	1	0	0	0	0	0	0	0	0
1239.jpg	1	0	0	0	0	0	0	0	0
1403.jpg	1	0	0	0	0	0	0	0	0
99.jpg	1	0	0	0	0	0	0	0	0
1632.jpg	1	0	0	0	0	0	0	0	0
1551.jpg	1	0	0	0	0	0	0	0	0
1170.jpg	1	0	0	0	0	0	0	0	0
1357.jpg	1	0	0	0	0	0	0	0	0
2199.jpg	1	0	0	0	0	0	0	0	0
2047.jpg	1	0	0	0	0	0	0	0	0
337.jpg	1	0	0	0	0	0	0	0	0
118.jpg	1	0	0	0	0	0	0	0	0
2920.jpg	1	0	0	0	0	0	0	0	0
1868.jpg	1	0	0	0	0	0	0	0	0
2774.jpg	1	0	0	0	0	0	0	0	0
958.jpg	1	0	0	0	0	0	0	0	0
1152.jpg	1	0	0	0	0	0	0	0	0
1141.jpg	1	0	0	0	0	0	0	0	0
1461.jpg	1	0	0	0	0	0	0	0	0
1950.jpg	1	0	0	0	0	0	0	0	0
1272.jpg	1	0	0	0	0	0	0	0	0
275.jpg	1	0	0	0	0	0	0	0	0
1783.jpg	1	0	0	0	0	0	0	0	0
1411.jpg	1	0	0	0	0	0	0	0	0
432.jpg	1	0	0	0	0	0	0	0	0
2823.jpg	1	0	0	0	0	0	0	0	0
1683.jpg	1	0	0	0	0	0	0	0	0
127.jpg	1	0	0	0	0	0	0	0	0
1560.jpg	1	0	0	0	0	0	0	0	0
1675.jpg	1	0	0	0	0	0	0	0	0
1392.jpg	1	0	0	0	0	0	0	0	0
2561.jpg	1	0	0	0	0	0	0	0	0
409.jpg	1	0	0	0	0	0	0	0	0
570.jpg	1	0	0	0	0	0	0	0	0
1005.jpg	1	0	0	0	0	0	0	0	0
2814.jpg	1	0	0	0	0	0	0	0	0
2127.jpg	1	0	0	0	0	0	0	0	0
2033.jpg	1	0	0	0	0	0	0	0	0
70.jpg	1	0	0	0	0	0	0	0	0
2818.jpg	1	0	0	0	0	0	0	0	0
2815.jpg	1	0	0	0	0	0	0	0	0
2072.jpg	1	0	0	0	0	0	0	0	0
1984.jpg	1	0	0	0	0	0	0	0	0
1394.jpg	1	0	0	0	0	0	0	0	0
2164.jpg	1	0	0	0	0	0	0	0	0
562.jpg	1	0	0	0	0	0	0	0	0
411.jpg	1	0	0	0	0	0	0	0	0
177.jpg	1	0	0	0	0	0	0	0	0
1766.jpg	1	0	0	0	0	0	0	0	0
1854.jpg	1	0	0	0	0	0	0	0	0
124.jpg	1	0	0	0	0	0	0	0	0
2214.jpg	1	0	0	0	0	0	0	0	0
1125.jpg	1	0	0	0	0	0	0	0	0
444.jpg	1	0	0	0	0	0	0	0	0
1623.jpg	1	0	0	0	0	0	0	0	0
1288.jpg	1	0	0	0	0	0	0	0	0
2021.jpg	1	0	0	0	0	0	0	0	0
65.jpg	1	0	0	0	0	0	0	0	0
1320.jpg	1	0	0	0	0	0	0	0	0
239.jpg	1	0	0	0	0	0	0	0	0
39.jpg	1	0	0	0	0	0	0	0	0
150.jpg	1	0	0	0	0	0	0	0	0
1488.jpg	1	0	0	0	0	0	0	0	0
212.jpg	1	0	0	0	0	0	0	0	0
2566.jpg	1	0	0	0	0	0	0	0	0
1733.jpg	1	0	0	0	0	0	0	0	0
1935.jpg	1	0	0	0	0	0	0	0	0
1830.jpg	1	0	0	0	0	0	0	0	0
2212.jpg	1	0	0	0	0	0	0	0	0
318.jpg	1	0	0	0	0	0	0	0	0
1429.jpg	1	0	0	0	0	0	0	0	0
495.jpg	1	0	0	0	0	0	0	0	0
21.jpg	1	0	0	0	0	0	0	0	0
140.jpg	1	0	0	0	0	0	0	0	0
1933.jpg	1	0	0	0	0	0	0	0	0
2269.jpg	1	0	0	0	0	0	0	0	0
1106.jpg	1	0	0	0	0	0	0	0	0
197.jpg	1	0	0	0	0	0	0	0	0
1549.jpg	1	0	0	0	0	0	0	0	0
1324.jpg	1	0	0	0	0	0	0	0	0
2785.jpg	1	0	0	0	0	0	0	0	0
1563.jpg	1	0	0	0	0	0	0	0	0
1083.jpg	1	0	0	0	0	0	0	0	0
303.jpg	1	0	0	0	0	0	0	0	0
1791.jpg	1	0	0	0	0	0	0	0	0
2218.jpg	1	0	0	0	0	0	0	0	0
2285.jpg	1	0	0	0	0	0	0	0	0
1351.jpg	1	0	0	0	0	0	0	0	0
75.jpg	1	0	0	0	0	0	0	0	0
1169.jpg	1	0	0	0	0	0	0	0	0
2206.jpg	1	0	0	0	0	0	0	0	0
145.jpg	1	0	0	0	0	0	0	0	0
1153.jpg	1	0	0	0	0	0	0	0	0
2222.jpg	1	0	0	0	0	0	0	0	0
1663.jpg	1	0	0	0	0	0	0	0	0
2913.jpg	1	0	0	0	0	0	0	0	0
1753.jpg	1	0	0	0	0	0	0	0	0
143.jpg	1	0	0	0	0	0	0	0	0
1074.jpg	1	0	0	0	0	0	0	0	0
2254.jpg	1	0	0	0	0	0	0	0	0
1194.jpg	1	0	0	0	0	0	0	0	0
132.jpg	1	0	0	0	0	0	0	0	0
1699.jpg	1	0	0	0	0	0	0	0	0
1474.jpg	1	0	0	0	0	0	0	0	0
1079.jpg	1	0	0	0	0	0	0	0	0
2129.jpg	1	0	0	0	0	0	0	0	0
1864.jpg	1	0	0	0	0	0	0	0	0
2229.jpg	1	0	0	0	0	0	0	0	0
1342.jpg	1	0	0	0	0	0	0	0	0
2747.jpg	1	0	0	0	0	0	0	0	0
1995.jpg	1	0	0	0	0	0	0	0	0
1121.jpg	1	0	0	0	0	0	0	0	0
2892.jpg	1	0	0	0	0	0	0	0	0
297.jpg	1	0	0	0	0	0	0	0	0
1298.jpg	1	0	0	0	0	0	0	0	0
1823.jpg	1	0	0	0	0	0	0	0	0
321.jpg	1	0	0	0	0	0	0	0	0
1574.jpg	1	0	0	0	0	0	0	0	0
1661.jpg	1	0	0	0	0	0	0	0	0
2079.jpg	1	0	0	0	0	0	0	0	0
61.jpg	1	0	0	0	0	0	0	0	0
1758.jpg	1	0	0	0	0	0	0	0	0
1156.jpg	1	0	0	0	0	0	0	0	0
1056.jpg	1	0	0	0	0	0	0	0	0
1220.jpg	1	0	0	0	0	0	0	0	0
2806.jpg	1	0	0	0	0	0	0	0	0
1965.jpg	1	0	0	0	0	0	0	0	0
1668.jpg	1	0	0	0	0	0	0	0	0
364.jpg	1	0	0	0	0	0	0	0	0
194.jpg	1	0	0	0	0	0	0	0	0
1300.jpg	1	0	0	0	0	0	0	0	0
10.jpg	1	0	0	0	0	0	0	0	0
2123.jpg	1	0	0	0	0	0	0	0	0
1330.jpg	1	0	0	0	0	0	0	0	0
93.jpg	1	0	0	0	0	0	0	0	0
298.jpg	1	0	0	0	0	0	0	0	0
2026.jpg	1	0	0	0	0	0	0	0	0
1325.jpg	1	0	0	0	0	0	0	0	0
1424.jpg	1	0	0	0	0	0	0	0	0
2034.jpg	1	0	0	0	0	0	0	0	0
2038.jpg	1	0	0	0	0	0	0	0	0
1236.jpg	1	0	0	0	0	0	0	0	0
2906.jpg	1	0	0	0	0	0	0	0	0
1192.jpg	1	0	0	0	0	0	0	0	0
2173.jpg	1	0	0	0	0	0	0	0	0
2889.jpg	1	0	0	0	0	0	0	0	0
1963.jpg	1	0	0	0	0	0	0	0	0
1725.jpg	1	0	0	0	0	0	0	0	0
2188.jpg	1	0	0	0	0	0	0	0	0
1588.jpg	1	0	0	0	0	0	0	0	0
