862.jpg	1	0	0	0	0	0	0	0	0
312.jpg	1	0	0	0	0	0	0	0	0
233.jpg	1	0	0	0	0	0	0	0	0
1895.jpg	1	0	0	0	0	0	0	0	0
1100.jpg	1	0	0	0	0	0	0	0	0
1591.jpg	1	0	0	0	0	0	0	0	0
329.jpg	1	0	0	0	0	0	0	0	0
1662.jpg	1	0	0	0	0	0	0	0	0
2845.jpg	1	0	0	0	0	0	0	0	0
1221.jpg	1	0	0	0	0	0	0	0	0
2722.jpg	1	0	0	0	0	0	0	0	0
24.jpg	1	0	0	0	0	0	0	0	0
2849.jpg	1	0	0	0	0	0	0	0	0
2835.jpg	1	0	0	0	0	0	0	0	0
1273.jpg	1	0	0	0	0	0	0	0	0
2189.jpg	1	0	0	0	0	0	0	0	0
257.jpg	1	0	0	0	0	0	0	0	0
1817.jpg	1	0	0	0	0	0	0	0	0
907.jpg	1	0	0	0	0	0	0	0	0
1068.jpg	1	0	0	0	0	0	0	0	0
2006.jpg	1	0	0	0	0	0	0	0	0
1644.jpg	1	0	0	0	0	0	0	0	0
521.jpg	1	0	0	0	0	0	0	0	0
54.jpg	1	0	0	0	0	0	0	0	0
2887.jpg	1	0	0	0	0	0	0	0	0
1363.jpg	1	0	0	0	0	0	0	0	0
2088.jpg	1	0	0	0	0	0	0	0	0
1539.jpg	1	0	0	0	0	0	0	0	0
1136.jpg	1	0	0	0	0	0	0	0	0
1366.jpg	1	0	0	0	0	0	0	0	0
1860.jpg	1	0	0	0	0	0	0	0	0
1533.jpg	1	0	0	0	0	0	0	0	0
1287.jpg	1	0	0	0	0	0	0	0	0
1235.jpg	1	0	0	0	0	0	0	0	0
1724.jpg	1	0	0	0	0	0	0	0	0
1967.jpg	1	0	0	0	0	0	0	0	0
200.jpg	1	0	0	0	0	0	0	0	0
2707.jpg	1	0	0	0	0	0	0	0	0
173.jpg	1	0	0	0	0	0	0	0	0
2864.jpg	1	0	0	0	0	0	0	0	0
408.jpg	1	0	0	0	0	0	0	0	0
2921.jpg	1	0	0	0	0	0	0	0	0
1057.jpg	1	0	0	0	0	0	0	0	0
2888.jpg	1	0	0	0	0	0	0	0	0
1645.jpg	1	0	0	0	0	0	0	0	0
1457.jpg	1	0	0	0	0	0	0	0	0
1440.jpg	1	0	0	0	0	0	0	0	0
2283.jpg	1	0	0	0	0	0	0	0	0
2191.jpg	1	0	0	0	0	0	0	0	0
1911.jpg	1	0	0	0	0	0	0	0	0
1041.jpg	1	0	0	0	0	0	0	0	0
1567.jpg	1	0	0	0	0	0	0	0	0
1250.jpg	1	0	0	0	0	0	0	0	0
1827.jpg	1	0	0	0	0	0	0	0	0
1007.jpg	1	0	0	0	0	0	0	0	0
1420.jpg	1	0	0	0	0	0	0	0	0
133.jpg	1	0	0	0	0	0	0	0	0
1782.jpg	1	0	0	0	0	0	0	0	0
1031.jpg	1	0	0	0	0	0	0	0	0
1587.jpg	1	0	0	0	0	0	0	0	0
1896.jpg	1	0	0	0	0	0	0	0	0
1592.jpg	1	0	0	0	0	0	0	0	0
2890.jpg	1	0	0	0	0	0	0	0	0
7.jpg	1	0	0	0	0	0	0	0	0
1656.jpg	1	0	0	0	0	0	0	0	0
2250.jpg	1	0	0	0	0	0	0	0	0
1085.jpg	1	0	0	0	0	0	0	0	0
1736.jpg	1	0	0	0	0	0	0	0	0
1450.jpg	1	0	0	0	0	0	0	0	0
1578.jpg	1	0	0	0	0	0	0	0	0
2244.jpg	1	0	0	0	0	0	0	0	0
2895.jpg	1	0	0	0	0	0	0	0	0
82.jpg	1	0	0	0	0	0	0	0	0
1514.jpg	1	0	0	0	0	0	0	0	0
2923.jpg	1	0	0	0	0	0	0	0	0
264.jpg	1	0	0	0	0	0	0	0	0
2738.jpg	1	0	0	0	0	0	0	0	0
388.jpg	1	0	0	0	0	0	0	0	0
1208.jpg	1	0	0	0	0	0	0	0	0
1561.jpg	1	0	0	0	0	0	0	0	0
2734.jpg	1	0	0	0	0	0	0	0	0
1200.jpg	1	0	0	0	0	0	0	0	0
353.jpg	1	0	0	0	0	0	0	0	0
228.jpg	1	0	0	0	0	0	0	0	0
2246.jpg	1	0	0	0	0	0	0	0	0
1942.jpg	1	0	0	0	0	0	0	0	0
912.jpg	1	0	0	0	0	0	0	0	0
235.jpg	1	0	0	0	0	0	0	0	0
1396.jpg	1	0	0	0	0	0	0	0	0
1025.jpg	1	0	0	0	0	0	0	0	0
2195.jpg	1	0	0	0	0	0	0	0	0
1898.jpg	1	0	0	0	0	0	0	0	0
171.jpg	1	0	0	0	0	0	0	0	0
756.jpg	1	0	0	0	0	0	0	0	0
1334.jpg	1	0	0	0	0	0	0	0	0
1344.jpg	1	0	0	0	0	0	0	0	0
1261.jpg	1	0	0	0	0	0	0	0	0
2041.jpg	1	0	0	0	0	0	0	0	0
2095.jpg	1	0	0	0	0	0	0	0	0
888.jpg	1	0	0	0	0	0	0	0	0
1643.jpg	1	0	0	0	0	0	0	0	0
67.jpg	1	0	0	0	0	0	0	0	0
186.jpg	1	0	0	0	0	0	0	0	0
2073.jpg	1	0	0	0	0	0	0	0	0
352.jpg	1	0	0	0	0	0	0	0	0
1961.jpg	1	0	0	0	0	0	0	0	0
1122.jpg	1	0	0	0	0	0	0	0	0
1869.jpg	1	0	0	0	0	0	0	0	0
1955.jpg	1	0	0	0	0	0	0	0	0
2238.jpg	1	0	0	0	0	0	0	0	0
1475.jpg	1	0	0	0	0	0	0	0	0
1789.jpg	1	0	0	0	0	0	0	0	0
1436.jpg	1	0	0	0	0	0	0	0	0
310.jpg	1	0	0	0	0	0	0	0	0
2078.jpg	1	0	0	0	0	0	0	0	0
2886.jpg	1	0	0	0	0	0	0	0	0
1452.jpg	1	0	0	0	0	0	0	0	0
1453.jpg	1	0	0	0	0	0	0	0	0
1499.jpg	1	0	0	0	0	0	0	0	0
1890.jpg	1	0	0	0	0	0	0	0	0
1217.jpg	1	0	0	0	0	0	0	0	0
46.jpg	1	0	0	0	0	0	0	0	0
1297.jpg	1	0	0	0	0	0	0	0	0
240.jpg	1	0	0	0	0	0	0	0	0
2925.jpg	1	0	0	0	0	0	0	0	0
817.jpg	1	0	0	0	0	0	0	0	0
68.jpg	1	0	0	0	0	0	0	0	0
1375.jpg	1	0	0	0	0	0	0	0	0
509.jpg	1	0	0	0	0	0	0	0	0
1422.jpg	1	0	0	0	0	0	0	0	0
6.jpg	1	0	0	0	0	0	0	0	0
2865.jpg	1	0	0	0	0	0	0	0	0
1034.jpg	1	0	0	0	0	0	0	0	0
1089.jpg	1	0	0	0	0	0	0	0	0
2297.jpg	1	0	0	0	0	0	0	0	0
89.jpg	1	0	0	0	0	0	0	0	0
1647.jpg	1	0	0	0	0	0	0	0	0
1503.jpg	1	0	0	0	0	0	0	0	0
311.jpg	1	0	0	0	0	0	0	0	0
2085.jpg	1	0	0	0	0	0	0	0	0
2711.jpg	1	0	0	0	0	0	0	0	0
858.jpg	1	0	0	0	0	0	0	0	0
2877.jpg	1	0	0	0	0	0	0	0	0
2727.jpg	1	0	0	0	0	0	0	0	0
41.jpg	1	0	0	0	0	0	0	0	0
1177.jpg	1	0	0	0	0	0	0	0	0
1908.jpg	1	0	0	0	0	0	0	0	0
244.jpg	1	0	0	0	0	0	0	0	0
1277.jpg	1	0	0	0	0	0	0	0	0
1831.jpg	1	0	0	0	0	0	0	0	0
1562.jpg	1	0	0	0	0	0	0	0	0
1634.jpg	1	0	0	0	0	0	0	0	0
1096.jpg	1	0	0	0	0	0	0	0	0
2881.jpg	1	0	0	0	0	0	0	0	0
386.jpg	1	0	0	0	0	0	0	0	0
407.jpg	1	0	0	0	0	0	0	0	0
573.jpg	1	0	0	0	0	0	0	0	0
17.jpg	1	0	0	0	0	0	0	0	0
1978.jpg	1	0	0	0	0	0	0	0	0
2156.jpg	1	0	0	0	0	0	0	0	0
1435.jpg	1	0	0	0	0	0	0	0	0
1947.jpg	1	0	0	0	0	0	0	0	0
27.jpg	1	0	0	0	0	0	0	0	0
1696.jpg	1	0	0	0	0	0	0	0	0
1576.jpg	1	0	0	0	0	0	0	0	0
1617.jpg	1	0	0	0	0	0	0	0	0
22.jpg	1	0	0	0	0	0	0	0	0
1416.jpg	1	0	0	0	0	0	0	0	0
1609.jpg	1	0	0	0	0	0	0	0	0
2009.jpg	1	0	0	0	0	0	0	0	0
262.jpg	1	0	0	0	0	0	0	0	0
1412.jpg	1	0	0	0	0	0	0	0	0
1799.jpg	1	0	0	0	0	0	0	0	0
1374.jpg	1	0	0	0	0	0	0	0	0
1517.jpg	1	0	0	0	0	0	0	0	0
48.jpg	1	0	0	0	0	0	0	0	0
2709.jpg	1	0	0	0	0	0	0	0	0
241.jpg	1	0	0	0	0	0	0	0	0
9.jpg	1	0	0	0	0	0	0	0	0
252.jpg	1	0	0	0	0	0	0	0	0
1832.jpg	1	0	0	0	0	0	0	0	0
1455.jpg	1	0	0	0	0	0	0	0	0
1332.jpg	1	0	0	0	0	0	0	0	0
437.jpg	1	0	0	0	0	0	0	0	0
1397.jpg	1	0	0	0	0	0	0	0	0
2024.jpg	1	0	0	0	0	0	0	0	0
1254.jpg	1	0	0	0	0	0	0	0	0
2307.jpg	1	0	0	0	0	0	0	0	0
2852.jpg	1	0	0	0	0	0	0	0	0
2124.jpg	1	0	0	0	0	0	0	0	0
1985.jpg	1	0	0	0	0	0	0	0	0
1583.jpg	1	0	0	0	0	0	0	0	0
995.jpg	1	0	0	0	0	0	0	0	0
1466.jpg	1	0	0	0	0	0	0	0	0
1701.jpg	1	0	0	0	0	0	0	0	0
1833.jpg	1	0	0	0	0	0	0	0	0
53.jpg	1	0	0	0	0	0	0	0	0
1757.jpg	1	0	0	0	0	0	0	0	0
55.jpg	1	0	0	0	0	0	0	0	0
2001.jpg	1	0	0	0	0	0	0	0	0
1599.jpg	1	0	0	0	0	0	0	0	0
994.jpg	1	0	0	0	0	0	0	0	0
1073.jpg	1	0	0	0	0	0	0	0	0
2859.jpg	1	0	0	0	0	0	0	0	0
1359.jpg	1	0	0	0	0	0	0	0	0
1875.jpg	1	0	0	0	0	0	0	0	0
1798.jpg	1	0	0	0	0	0	0	0	0
98.jpg	1	0	0	0	0	0	0	0	0
16.jpg	1	0	0	0	0	0	0	0	0
452.jpg	1	0	0	0	0	0	0	0	0
1189.jpg	1	0	0	0	0	0	0	0	0
273.jpg	1	0	0	0	0	0	0	0	0
1727.jpg	1	0	0	0	0	0	0	0	0
1620.jpg	1	0	0	0	0	0	0	0	0
1187.jpg	1	0	0	0	0	0	0	0	0
1472.jpg	1	0	0	0	0	0	0	0	0
104.jpg	1	0	0	0	0	0	0	0	0
1427.jpg	1	0	0	0	0	0	0	0	0
1150.jpg	1	0	0	0	0	0	0	0	0
2065.jpg	1	0	0	0	0	0	0	0	0
2083.jpg	1	0	0	0	0	0	0	0	0
1454.jpg	1	0	0	0	0	0	0	0	0
2042.jpg	1	0	0	0	0	0	0	0	0
1421.jpg	1	0	0	0	0	0	0	0	0
1953.jpg	1	0	0	0	0	0	0	0	0
2081.jpg	1	0	0	0	0	0	0	0	0
1997.jpg	1	0	0	0	0	0	0	0	0
1569.jpg	1	0	0	0	0	0	0	0	0
316.jpg	1	0	0	0	0	0	0	0	0
2014.jpg	1	0	0	0	0	0	0	0	0
1425.jpg	1	0	0	0	0	0	0	0	0
1438.jpg	1	0	0	0	0	0	0	0	0
2730.jpg	1	0	0	0	0	0	0	0	0
1463.jpg	1	0	0	0	0	0	0	0	0
165.jpg	1	0	0	0	0	0	0	0	0
1188.jpg	1	0	0	0	0	0	0	0	0
2820.jpg	1	0	0	0	0	0	0	0	0
1904.jpg	1	0	0	0	0	0	0	0	0
1065.jpg	1	0	0	0	0	0	0	0	0
141.jpg	1	0	0	0	0	0	0	0	0
285.jpg	1	0	0	0	0	0	0	0	0
2918.jpg	1	0	0	0	0	0	0	0	0
1538.jpg	1	0	0	0	0	0	0	0	0
81.jpg	1	0	0	0	0	0	0	0	0
2715.jpg	1	0	0	0	0	0	0	0	0
582.jpg	1	0	0	0	0	0	0	0	0
996.jpg	1	0	0	0	0	0	0	0	0
362.jpg	1	0	0	0	0	0	0	0	0
1274.jpg	1	0	0	0	0	0	0	0	0
1109.jpg	1	0	0	0	0	0	0	0	0
116.jpg	1	0	0	0	0	0	0	0	0
1641.jpg	1	0	0	0	0	0	0	0	0
2017.jpg	1	0	0	0	0	0	0	0	0
2011.jpg	1	0	0	0	0	0	0	0	0
406.jpg	1	0	0	0	0	0	0	0	0
2019.jpg	1	0	0	0	0	0	0	0	0
2175.jpg	1	0	0	0	0	0	0	0	0
2780.jpg	1	0	0	0	0	0	0	0	0
2870.jpg	1	0	0	0	0	0	0	0	0
2266.jpg	1	0	0	0	0	0	0	0	0
1428.jpg	1	0	0	0	0	0	0	0	0
2145.jpg	1	0	0	0	0	0	0	0	0
1361.jpg	1	0	0	0	0	0	0	0	0
215.jpg	1	0	0	0	0	0	0	0	0
852.jpg	1	0	0	0	0	0	0	0	0
2028.jpg	1	0	0	0	0	0	0	0	0
2166.jpg	1	0	0	0	0	0	0	0	0
1013.jpg	1	0	0	0	0	0	0	0	0
272.jpg	1	0	0	0	0	0	0	0	0
2069.jpg	1	0	0	0	0	0	0	0	0
2694.jpg	1	0	0	0	0	0	0	0	0
2868.jpg	1	0	0	0	0	0	0	0	0
1625.jpg	1	0	0	0	0	0	0	0	0
2146.jpg	1	0	0	0	0	0	0	0	0
368.jpg	1	0	0	0	0	0	0	0	0
198.jpg	1	0	0	0	0	0	0	0	0
1197.jpg	1	0	0	0	0	0	0	0	0
1853.jpg	1	0	0	0	0	0	0	0	0
179.jpg	1	0	0	0	0	0	0	0	0
511.jpg	1	0	0	0	0	0	0	0	0
2184.jpg	1	0	0	0	0	0	0	0	0
2807.jpg	1	0	0	0	0	0	0	0	0
1773.jpg	1	0	0	0	0	0	0	0	0
2036.jpg	1	0	0	0	0	0	0	0	0
443.jpg	1	0	0	0	0	0	0	0	0
1673.jpg	1	0	0	0	0	0	0	0	0
2202.jpg	1	0	0	0	0	0	0	0	0
1373.jpg	1	0	0	0	0	0	0	0	0
289.jpg	1	0	0	0	0	0	0	0	0
1710.jpg	1	0	0	0	0	0	0	0	0
153.jpg	1	0	0	0	0	0	0	0	0
1972.jpg	1	0	0	0	0	0	0	0	0
1974.jpg	1	0	0	0	0	0	0	0	0
2798.jpg	1	0	0	0	0	0	0	0	0
190.jpg	1	0	0	0	0	0	0	0	0
1648.jpg	1	0	0	0	0	0	0	0	0
424.jpg	1	0	0	0	0	0	0	0	0
2836.jpg	1	0	0	0	0	0	0	0	0
1147.jpg	1	0	0	0	0	0	0	0	0
265.jpg	1	0	0	0	0	0	0	0	0
1384.jpg	1	0	0	0	0	0	0	0	0
320.jpg	1	0	0	0	0	0	0	0	0
1494.jpg	1	0	0	0	0	0	0	0	0
1119.jpg	1	0	0	0	0	0	0	0	0
1690.jpg	1	0	0	0	0	0	0	0	0
2879.jpg	1	0	0	0	0	0	0	0	0
2162.jpg	1	0	0	0	0	0	0	0	0
2233.jpg	1	0	0	0	0	0	0	0	0
1628.jpg	1	0	0	0	0	0	0	0	0
2136.jpg	1	0	0	0	0	0	0	0	0
1369.jpg	1	0	0	0	0	0	0	0	0
371.jpg	1	0	0	0	0	0	0	0	0
1088.jpg	1	0	0	0	0	0	0	0	0
144.jpg	1	0	0	0	0	0	0	0	0
2911.jpg	1	0	0	0	0	0	0	0	0
1707.jpg	1	0	0	0	0	0	0	0	0
130.jpg	1	0	0	0	0	0	0	0	0
2745.jpg	1	0	0	0	0	0	0	0	0
1243.jpg	1	0	0	0	0	0	0	0	0
1309.jpg	1	0	0	0	0	0	0	0	0
1252.jpg	1	0	0	0	0	0	0	0	0
1777.jpg	1	0	0	0	0	0	0	0	0
1487.jpg	1	0	0	0	0	0	0	0	0
1572.jpg	1	0	0	0	0	0	0	0	0
2117.jpg	1	0	0	0	0	0	0	0	0
1525.jpg	1	0	0	0	0	0	0	0	0
2465.jpg	1	0	0	0	0	0	0	0	0
1565.jpg	1	0	0	0	0	0	0	0	0
2760.jpg	1	0	0	0	0	0	0	0	0
1042.jpg	1	0	0	0	0	0	0	0	0
2080.jpg	1	0	0	0	0	0	0	0	0
1329.jpg	1	0	0	0	0	0	0	0	0
1979.jpg	1	0	0	0	0	0	0	0	0
1232.jpg	1	0	0	0	0	0	0	0	0
1750.jpg	1	0	0	0	0	0	0	0	0
1812.jpg	1	0	0	0	0	0	0	0	0
283.jpg	1	0	0	0	0	0	0	0	0
1175.jpg	1	0	0	0	0	0	0	0	0
1327.jpg	1	0	0	0	0	0	0	0	0
1558.jpg	1	0	0	0	0	0	0	0	0
1399.jpg	1	0	0	0	0	0	0	0	0
1573.jpg	1	0	0	0	0	0	0	0	0
1610.jpg	1	0	0	0	0	0	0	0	0
1164.jpg	1	0	0	0	0	0	0	0	0
2090.jpg	1	0	0	0	0	0	0	0	0
2276.jpg	1	0	0	0	0	0	0	0	0
2708.jpg	1	0	0	0	0	0	0	0	0
1023.jpg	1	0	0	0	0	0	0	0	0
2050.jpg	1	0	0	0	0	0	0	0	0
162.jpg	1	0	0	0	0	0	0	0	0
163.jpg	1	0	0	0	0	0	0	0	0
1239.jpg	1	0	0	0	0	0	0	0	0
1403.jpg	1	0	0	0	0	0	0	0	0
99.jpg	1	0	0	0	0	0	0	0	0
1632.jpg	1	0	0	0	0	0	0	0	0
1551.jpg	1	0	0	0	0	0	0	0	0
1170.jpg	1	0	0	0	0	0	0	0	0
1357.jpg	1	0	0	0	0	0	0	0	0
2199.jpg	1	0	0	0	0	0	0	0	0
2047.jpg	1	0	0	0	0	0	0	0	0
337.jpg	1	0	0	0	0	0	0	0	0
118.jpg	1	0	0	0	0	0	0	0	0
2920.jpg	1	0	0	0	0	0	0	0	0
1868.jpg	1	0	0	0	0	0	0	0	0
2774.jpg	1	0	0	0	0	0	0	0	0
958.jpg	1	0	0	0	0	0	0	0	0
1152.jpg	1	0	0	0	0	0	0	0	0
1141.jpg	1	0	0	0	0	0	0	0	0
1461.jpg	1	0	0	0	0	0	0	0	0
1950.jpg	1	0	0	0	0	0	0	0	0
1272.jpg	1	0	0	0	0	0	0	0	0
275.jpg	1	0	0	0	0	0	0	0	0
1783.jpg	1	0	0	0	0	0	0	0	0
1411.jpg	1	0	0	0	0	0	0	0	0
432.jpg	1	0	0	0	0	0	0	0	0
2823.jpg	1	0	0	0	0	0	0	0	0
1683.jpg	1	0	0	0	0	0	0	0	0
127.jpg	1	0	0	0	0	0	0	0	0
1560.jpg	1	0	0	0	0	0	0	0	0
1675.jpg	1	0	0	0	0	0	0	0	0
1392.jpg	1	0	0	0	0	0	0	0	0
2561.jpg	1	0	0	0	0	0	0	0	0
409.jpg	1	0	0	0	0	0	0	0	0
570.jpg	1	0	0	0	0	0	0	0	0
1005.jpg	1	0	0	0	0	0	0	0	0
2814.jpg	1	0	0	0	0	0	0	0	0
2127.jpg	1	0	0	0	0	0	0	0	0
2033.jpg	1	0	0	0	0	0	0	0	0
70.jpg	1	0	0	0	0	0	0	0	0
2818.jpg	1	0	0	0	0	0	0	0	0
2815.jpg	1	0	0	0	0	0	0	0	0
2072.jpg	1	0	0	0	0	0	0	0	0
1984.jpg	1	0	0	0	0	0	0	0	0
1394.jpg	1	0	0	0	0	0	0	0	0
2164.jpg	1	0	0	0	0	0	0	0	0
562.jpg	1	0	0	0	0	0	0	0	0
411.jpg	1	0	0	0	0	0	0	0	0
177.jpg	1	0	0	0	0	0	0	0	0
1766.jpg	1	0	0	0	0	0	0	0	0
1854.jpg	1	0	0	0	0	0	0	0	0
124.jpg	1	0	0	0	0	0	0	0	0
2214.jpg	1	0	0	0	0	0	0	0	0
1125.jpg	1	0	0	0	0	0	0	0	0
444.jpg	1	0	0	0	0	0	0	0	0
1623.jpg	1	0	0	0	0	0	0	0	0
1288.jpg	1	0	0	0	0	0	0	0	0
2021.jpg	1	0	0	0	0	0	0	0	0
65.jpg	1	0	0	0	0	0	0	0	0
1320.jpg	1	0	0	0	0	0	0	0	0
239.jpg	1	0	0	0	0	0	0	0	0
39.jpg	1	0	0	0	0	0	0	0	0
150.jpg	1	0	0	0	0	0	0	0	0
1488.jpg	1	0	0	0	0	0	0	0	0
212.jpg	1	0	0	0	0	0	0	0	0
2566.jpg	1	0	0	0	0	0	0	0	0
1733.jpg	1	0	0	0	0	0	0	0	0
1935.jpg	1	0	0	0	0	0	0	0	0
1830.jpg	1	0	0	0	0	0	0	0	0
2212.jpg	1	0	0	0	0	0	0	0	0
318.jpg	1	0	0	0	0	0	0	0	0
1429.jpg	1	0	0	0	0	0	0	0	0
495.jpg	1	0	0	0	0	0	0	0	0
21.jpg	1	0	0	0	0	0	0	0	0
140.jpg	1	0	0	0	0	0	0	0	0
1933.jpg	1	0	0	0	0	0	0	0	0
2269.jpg	1	0	0	0	0	0	0	0	0
1106.jpg	1	0	0	0	0	0	0	0	0
197.jpg	1	0	0	0	0	0	0	0	0
1549.jpg	1	0	0	0	0	0	0	0	0
1324.jpg	1	0	0	0	0	0	0	0	0
2785.jpg	1	0	0	0	0	0	0	0	0
1563.jpg	1	0	0	0	0	0	0	0	0
1083.jpg	1	0	0	0	0	0	0	0	0
303.jpg	1	0	0	0	0	0	0	0	0
1791.jpg	1	0	0	0	0	0	0	0	0
2218.jpg	1	0	0	0	0	0	0	0	0
2285.jpg	1	0	0	0	0	0	0	0	0
1351.jpg	1	0	0	0	0	0	0	0	0
75.jpg	1	0	0	0	0	0	0	0	0
1169.jpg	1	0	0	0	0	0	0	0	0
2206.jpg	1	0	0	0	0	0	0	0	0
145.jpg	1	0	0	0	0	0	0	0	0
1153.jpg	1	0	0	0	0	0	0	0	0
2222.jpg	1	0	0	0	0	0	0	0	0
1663.jpg	1	0	0	0	0	0	0	0	0
2913.jpg	1	0	0	0	0	0	0	0	0
1753.jpg	1	0	0	0	0	0	0	0	0
143.jpg	1	0	0	0	0	0	0	0	0
1074.jpg	1	0	0	0	0	0	0	0	0
2254.jpg	1	0	0	0	0	0	0	0	0
1194.jpg	1	0	0	0	0	0	0	0	0
132.jpg	1	0	0	0	0	0	0	0	0
1699.jpg	1	0	0	0	0	0	0	0	0
1474.jpg	1	0	0	0	0	0	0	0	0
1079.jpg	1	0	0	0	0	0	0	0	0
2129.jpg	1	0	0	0	0	0	0	0	0
1864.jpg	1	0	0	0	0	0	0	0	0
2229.jpg	1	0	0	0	0	0	0	0	0
1342.jpg	1	0	0	0	0	0	0	0	0
2747.jpg	1	0	0	0	0	0	0	0	0
1995.jpg	1	0	0	0	0	0	0	0	0
1121.jpg	1	0	0	0	0	0	0	0	0
2892.jpg	1	0	0	0	0	0	0	0	0
297.jpg	1	0	0	0	0	0	0	0	0
1298.jpg	1	0	0	0	0	0	0	0	0
1823.jpg	1	0	0	0	0	0	0	0	0
321.jpg	1	0	0	0	0	0	0	0	0
1574.jpg	1	0	0	0	0	0	0	0	0
1661.jpg	1	0	0	0	0	0	0	0	0
2079.jpg	1	0	0	0	0	0	0	0	0
61.jpg	1	0	0	0	0	0	0	0	0
1758.jpg	1	0	0	0	0	0	0	0	0
1156.jpg	1	0	0	0	0	0	0	0	0
1056.jpg	1	0	0	0	0	0	0	0	0
1220.jpg	1	0	0	0	0	0	0	0	0
2806.jpg	1	0	0	0	0	0	0	0	0
1965.jpg	1	0	0	0	0	0	0	0	0
1668.jpg	1	0	0	0	0	0	0	0	0
364.jpg	1	0	0	0	0	0	0	0	0
194.jpg	1	0	0	0	0	0	0	0	0
1300.jpg	1	0	0	0	0	0	0	0	0
10.jpg	1	0	0	0	0	0	0	0	0
2123.jpg	1	0	0	0	0	0	0	0	0
1330.jpg	1	0	0	0	0	0	0	0	0
93.jpg	1	0	0	0	0	0	0	0	0
298.jpg	1	0	0	0	0	0	0	0	0
2026.jpg	1	0	0	0	0	0	0	0	0
1325.jpg	1	0	0	0	0	0	0	0	0
1424.jpg	1	0	0	0	0	0	0	0	0
2034.jpg	1	0	0	0	0	0	0	0	0
2038.jpg	1	0	0	0	0	0	0	0	0
1236.jpg	1	0	0	0	0	0	0	0	0
2906.jpg	1	0	0	0	0	0	0	0	0
1192.jpg	1	0	0	0	0	0	0	0	0
2173.jpg	1	0	0	0	0	0	0	0	0
2889.jpg	1	0	0	0	0	0	0	0	0
1963.jpg	1	0	0	0	0	0	0	0	0
1725.jpg	1	0	0	0	0	0	0	0	0
2188.jpg	1	0	0	0	0	0	0	0	0
1588.jpg	1	0	0	0	0	0	0	0	0
204.jpg	1	0	0	0	0	0	0	0	0
1406.jpg	1	0	0	0	0	0	0	0	0
2168.jpg	1	0	0	0	0	0	0	0	0
442.jpg	1	0	0	0	0	0	0	0	0
1314.jpg	1	0	0	0	0	0	0	0	0
1084.jpg	1	0	0	0	0	0	0	0	0
2022.jpg	1	0	0	0	0	0	0	0	0
13.jpg	1	0	0	0	0	0	0	0	0
1566.jpg	1	0	0	0	0	0	0	0	0
1134.jpg	1	0	0	0	0	0	0	0	0
2274.jpg	1	0	0	0	0	0	0	0	0
359.jpg	1	0	0	0	0	0	0	0	0
2054.jpg	1	0	0	0	0	0	0	0	0
1180.jpg	1	0	0	0	0	0	0	0	0
2770.jpg	1	0	0	0	0	0	0	0	0
555.jpg	1	0	0	0	0	0	0	0	0
1496.jpg	1	0	0	0	0	0	0	0	0
2106.jpg	1	0	0	0	0	0	0	0	0
126.jpg	1	0	0	0	0	0	0	0	0
1665.jpg	1	0	0	0	0	0	0	0	0
2064.jpg	1	0	0	0	0	0	0	0	0
1923.jpg	1	0	0	0	0	0	0	0	0
1003.jpg	1	0	0	0	0	0	0	0	0
1270.jpg	1	0	0	0	0	0	0	0	0
703.jpg	1	0	0	0	0	0	0	0	0
123.jpg	1	0	0	0	0	0	0	0	0
2251.jpg	1	0	0	0	0	0	0	0	0
214.jpg	1	0	0	0	0	0	0	0	0
603.jpg	1	0	0	0	0	0	0	0	0
1627.jpg	1	0	0	0	0	0	0	0	0
2846.jpg	1	0	0	0	0	0	0	0	0
2812.jpg	1	0	0	0	0	0	0	0	0
1478.jpg	1	0	0	0	0	0	0	0	0
1069.jpg	1	0	0	0	0	0	0	0	0
1521.jpg	1	0	0	0	0	0	0	0	0
180.jpg	1	0	0	0	0	0	0	0	0
1510.jpg	1	0	0	0	0	0	0	0	0
1841.jpg	1	0	0	0	0	0	0	0	0
63.jpg	1	0	0	0	0	0	0	0	0
1808.jpg	1	0	0	0	0	0	0	0	0
2775.jpg	1	0	0	0	0	0	0	0	0
161.jpg	1	0	0	0	0	0	0	0	0
2720.jpg	1	0	0	0	0	0	0	0	0
1613.jpg	1	0	0	0	0	0	0	0	0
2158.jpg	1	0	0	0	0	0	0	0	0
1199.jpg	1	0	0	0	0	0	0	0	0
1621.jpg	1	0	0	0	0	0	0	0	0
1834.jpg	1	0	0	0	0	0	0	0	0
1184.jpg	1	0	0	0	0	0	0	0	0
1719.jpg	1	0	0	0	0	0	0	0	0
1852.jpg	1	0	0	0	0	0	0	0	0
2702.jpg	1	0	0	0	0	0	0	0	0
236.jpg	1	0	0	0	0	0	0	0	0
1891.jpg	1	0	0	0	0	0	0	0	0
293.jpg	1	0	0	0	0	0	0	0	0
230.jpg	1	0	0	0	0	0	0	0	0
1519.jpg	1	0	0	0	0	0	0	0	0
1196.jpg	1	0	0	0	0	0	0	0	0
139.jpg	1	0	0	0	0	0	0	0	0
2178.jpg	1	0	0	0	0	0	0	0	0
2119.jpg	1	0	0	0	0	0	0	0	0
1098.jpg	1	0	0	0	0	0	0	0	0
1166.jpg	1	0	0	0	0	0	0	0	0
1945.jpg	1	0	0	0	0	0	0	0	0
60.jpg	1	0	0	0	0	0	0	0	0
2831.jpg	1	0	0	0	0	0	0	0	0
2470.jpg	1	0	0	0	0	0	0	0	0
106.jpg	1	0	0	0	0	0	0	0	0
1172.jpg	1	0	0	0	0	0	0	0	0
1646.jpg	1	0	0	0	0	0	0	0	0
1650.jpg	1	0	0	0	0	0	0	0	0
2739.jpg	1	0	0	0	0	0	0	0	0
2903.jpg	1	0	0	0	0	0	0	0	0
2070.jpg	1	0	0	0	0	0	0	0	0
207.jpg	1	0	0	0	0	0	0	0	0
2787.jpg	1	0	0	0	0	0	0	0	0
1962.jpg	1	0	0	0	0	0	0	0	0
1302.jpg	1	0	0	0	0	0	0	0	0
267.jpg	1	0	0	0	0	0	0	0	0
979.jpg	1	0	0	0	0	0	0	0	0
1639.jpg	1	0	0	0	0	0	0	0	0
2134.jpg	1	0	0	0	0	0	0	0	0
185.jpg	1	0	0	0	0	0	0	0	0
2288.jpg	1	0	0	0	0	0	0	0	0
1554.jpg	1	0	0	0	0	0	0	0	0
341.jpg	1	0	0	0	0	0	0	0	0
1529.jpg	1	0	0	0	0	0	0	0	0
1376.jpg	1	0	0	0	0	0	0	0	0
30.jpg	1	0	0	0	0	0	0	0	0
1518.jpg	1	0	0	0	0	0	0	0	0
1202.jpg	1	0	0	0	0	0	0	0	0
2032.jpg	1	0	0	0	0	0	0	0	0
74.jpg	1	0	0	0	0	0	0	0	0
1905.jpg	1	0	0	0	0	0	0	0	0
1906.jpg	1	0	0	0	0	0	0	0	0
1247.jpg	1	0	0	0	0	0	0	0	0
1958.jpg	1	0	0	0	0	0	0	0	0
2181.jpg	1	0	0	0	0	0	0	0	0
2268.jpg	1	0	0	0	0	0	0	0	0
1213.jpg	1	0	0	0	0	0	0	0	0
1456.jpg	1	0	0	0	0	0	0	0	0
108.jpg	1	0	0	0	0	0	0	0	0
2910.jpg	1	0	0	0	0	0	0	0	0
1677.jpg	1	0	0	0	0	0	0	0	0
2809.jpg	1	0	0	0	0	0	0	0	0
1370.jpg	1	0	0	0	0	0	0	0	0
450.jpg	1	0	0	0	0	0	0	0	0
351.jpg	1	0	0	0	0	0	0	0	0
2729.jpg	1	0	0	0	0	0	0	0	0
2862.jpg	1	0	0	0	0	0	0	0	0
62.jpg	1	0	0	0	0	0	0	0	0
1884.jpg	1	0	0	0	0	0	0	0	0
344.jpg	1	0	0	0	0	0	0	0	0
464.jpg	1	0	0	0	0	0	0	0	0
2120.jpg	1	0	0	0	0	0	0	0	0
317.jpg	1	0	0	0	0	0	0	0	0
2725.jpg	1	0	0	0	0	0	0	0	0
1159.jpg	1	0	0	0	0	0	0	0	0
2248.jpg	1	0	0	0	0	0	0	0	0
309.jpg	1	0	0	0	0	0	0	0	0
117.jpg	1	0	0	0	0	0	0	0	0
2726.jpg	1	0	0	0	0	0	0	0	0
168.jpg	1	0	0	0	0	0	0	0	0
1492.jpg	1	0	0	0	0	0	0	0	0
2841.jpg	1	0	0	0	0	0	0	0	0
1897.jpg	1	0	0	0	0	0	0	0	0
1230.jpg	1	0	0	0	0	0	0	0	0
1844.jpg	1	0	0	0	0	0	0	0	0
1080.jpg	1	0	0	0	0	0	0	0	0
2044.jpg	1	0	0	0	0	0	0	0	0
1066.jpg	1	0	0	0	0	0	0	0	0
1695.jpg	1	0	0	0	0	0	0	0	0
2712.jpg	1	0	0	0	0	0	0	0	0
2002.jpg	1	0	0	0	0	0	0	0	0
1355.jpg	1	0	0	0	0	0	0	0	0
2224.jpg	1	0	0	0	0	0	0	0	0
1313.jpg	1	0	0	0	0	0	0	0	0
2788.jpg	1	0	0	0	0	0	0	0	0
202.jpg	1	0	0	0	0	0	0	0	0
1263.jpg	1	0	0	0	0	0	0	0	0
1070.jpg	1	0	0	0	0	0	0	0	0
1072.jpg	1	0	0	0	0	0	0	0	0
1076.jpg	1	0	0	0	0	0	0	0	0
1756.jpg	1	0	0	0	0	0	0	0	0
1211.jpg	1	0	0	0	0	0	0	0	0
1822.jpg	1	0	0	0	0	0	0	0	0
1512.jpg	1	0	0	0	0	0	0	0	0
1528.jpg	1	0	0	0	0	0	0	0	0
2843.jpg	1	0	0	0	0	0	0	0	0
2000.jpg	1	0	0	0	0	0	0	0	0
1432.jpg	1	0	0	0	0	0	0	0	0
1341.jpg	1	0	0	0	0	0	0	0	0
2187.jpg	1	0	0	0	0	0	0	0	0
1116.jpg	1	0	0	0	0	0	0	0	0
44.jpg	1	0	0	0	0	0	0	0	0
1762.jpg	1	0	0	0	0	0	0	0	0
343.jpg	1	0	0	0	0	0	0	0	0
1043.jpg	1	0	0	0	0	0	0	0	0
2227.jpg	1	0	0	0	0	0	0	0	0
2052.jpg	1	0	0	0	0	0	0	0	0
1571.jpg	1	0	0	0	0	0	0	0	0
249.jpg	1	0	0	0	0	0	0	0	0
1741.jpg	1	0	0	0	0	0	0	0	0
1735.jpg	1	0	0	0	0	0	0	0	0
2205.jpg	1	0	0	0	0	0	0	0	0
2279.jpg	1	0	0	0	0	0	0	0	0
2094.jpg	1	0	0	0	0	0	0	0	0
1264.jpg	1	0	0	0	0	0	0	0	0
1739.jpg	1	0	0	0	0	0	0	0	0
1477.jpg	1	0	0	0	0	0	0	0	0
2194.jpg	1	0	0	0	0	0	0	0	0
2291.jpg	1	0	0	0	0	0	0	0	0
1702.jpg	1	0	0	0	0	0	0	0	0
226.jpg	1	0	0	0	0	0	0	0	0
1861.jpg	1	0	0	0	0	0	0	0	0
1020.jpg	1	0	0	0	0	0	0	0	0
2741.jpg	1	0	0	0	0	0	0	0	0
274.jpg	1	0	0	0	0	0	0	0	0
64.jpg	1	0	0	0	0	0	0	0	0
1413.jpg	1	0	0	0	0	0	0	0	0
2455.jpg	1	0	0	0	0	0	0	0	0
2824.jpg	1	0	0	0	0	0	0	0	0
85.jpg	1	0	0	0	0	0	0	0	0
1941.jpg	1	0	0	0	0	0	0	0	0
1794.jpg	1	0	0	0	0	0	0	0	0
1259.jpg	1	0	0	0	0	0	0	0	0
83.jpg	1	0	0	0	0	0	0	0	0
1717.jpg	1	0	0	0	0	0	0	0	0
1937.jpg	1	0	0	0	0	0	0	0	0
1458.jpg	1	0	0	0	0	0	0	0	0
1764.jpg	1	0	0	0	0	0	0	0	0
1227.jpg	1	0	0	0	0	0	0	0	0
1500.jpg	1	0	0	0	0	0	0	0	0
1828.jpg	1	0	0	0	0	0	0	0	0
1323.jpg	1	0	0	0	0	0	0	0	0
1686.jpg	1	0	0	0	0	0	0	0	0
205.jpg	1	0	0	0	0	0	0	0	0
209.jpg	1	0	0	0	0	0	0	0	0
1006.jpg	1	0	0	0	0	0	0	0	0
1395.jpg	1	0	0	0	0	0	0	0	0
193.jpg	1	0	0	0	0	0	0	0	0
1688.jpg	1	0	0	0	0	0	0	0	0
1658.jpg	1	0	0	0	0	0	0	0	0
1380.jpg	1	0	0	0	0	0	0	0	0
1229.jpg	1	0	0	0	0	0	0	0	0
2460.jpg	1	0	0	0	0	0	0	0	0
2721.jpg	1	0	0	0	0	0	0	0	0
2758.jpg	1	0	0	0	0	0	0	0	0
2751.jpg	1	0	0	0	0	0	0	0	0
1467.jpg	1	0	0	0	0	0	0	0	0
146.jpg	1	0	0	0	0	0	0	0	0
2757.jpg	1	0	0	0	0	0	0	0	0
2761.jpg	1	0	0	0	0	0	0	0	0
2165.jpg	1	0	0	0	0	0	0	0	0
1930.jpg	1	0	0	0	0	0	0	0	0
2183.jpg	1	0	0	0	0	0	0	0	0
1636.jpg	1	0	0	0	0	0	0	0	0
125.jpg	1	0	0	0	0	0	0	0	0
1317.jpg	1	0	0	0	0	0	0	0	0
1434.jpg	1	0	0	0	0	0	0	0	0
480.jpg	1	0	0	0	0	0	0	0	0
2901.jpg	1	0	0	0	0	0	0	0	0
1190.jpg	1	0	0	0	0	0	0	0	0
1816.jpg	1	0	0	0	0	0	0	0	0
109.jpg	1	0	0	0	0	0	0	0	0
50.jpg	1	0	0	0	0	0	0	0	0
2832.jpg	1	0	0	0	0	0	0	0	0
1801.jpg	1	0	0	0	0	0	0	0	0
29.jpg	1	0	0	0	0	0	0	0	0
375.jpg	1	0	0	0	0	0	0	0	0
1874.jpg	1	0	0	0	0	0	0	0	0
2713.jpg	1	0	0	0	0	0	0	0	0
1101.jpg	1	0	0	0	0	0	0	0	0
1543.jpg	1	0	0	0	0	0	0	0	0
1542.jpg	1	0	0	0	0	0	0	0	0
1718.jpg	1	0	0	0	0	0	0	0	0
2213.jpg	1	0	0	0	0	0	0	0	0
1857.jpg	1	0	0	0	0	0	0	0	0
2169.jpg	1	0	0	0	0	0	0	0	0
305.jpg	1	0	0	0	0	0	0	0	0
2876.jpg	1	0	0	0	0	0	0	0	0
164.jpg	1	0	0	0	0	0	0	0	0
1390.jpg	1	0	0	0	0	0	0	0	0
472.jpg	1	0	0	0	0	0	0	0	0
1321.jpg	1	0	0	0	0	0	0	0	0
2112.jpg	1	0	0	0	0	0	0	0	0
2061.jpg	1	0	0	0	0	0	0	0	0
1619.jpg	1	0	0	0	0	0	0	0	0
1142.jpg	1	0	0	0	0	0	0	0	0
1246.jpg	1	0	0	0	0	0	0	0	0
1319.jpg	1	0	0	0	0	0	0	0	0
225.jpg	1	0	0	0	0	0	0	0	0
1294.jpg	1	0	0	0	0	0	0	0	0
2192.jpg	1	0	0	0	0	0	0	0	0
1655.jpg	1	0	0	0	0	0	0	0	0
1524.jpg	1	0	0	0	0	0	0	0	0
253.jpg	1	0	0	0	0	0	0	0	0
1754.jpg	1	0	0	0	0	0	0	0	0
295.jpg	1	0	0	0	0	0	0	0	0
1312.jpg	1	0	0	0	0	0	0	0	0
2885.jpg	1	0	0	0	0	0	0	0	0
218.jpg	1	0	0	0	0	0	0	0	0
2796.jpg	1	0	0	0	0	0	0	0	0
1992.jpg	1	0	0	0	0	0	0	0	0
1303.jpg	1	0	0	0	0	0	0	0	0
749.jpg	1	0	0	0	0	0	0	0	0
2111.jpg	1	0	0	0	0	0	0	0	0
25.jpg	1	0	0	0	0	0	0	0	0
1290.jpg	1	0	0	0	0	0	0	0	0
1820.jpg	1	0	0	0	0	0	0	0	0
2884.jpg	1	0	0	0	0	0	0	0	0
2217.jpg	1	0	0	0	0	0	0	0	0
1338.jpg	1	0	0	0	0	0	0	0	0
330.jpg	1	0	0	0	0	0	0	0	0
2216.jpg	1	0	0	0	0	0	0	0	0
1009.jpg	1	0	0	0	0	0	0	0	0
2230.jpg	1	0	0	0	0	0	0	0	0
2247.jpg	1	0	0	0	0	0	0	0	0
1818.jpg	1	0	0	0	0	0	0	0	0
357.jpg	1	0	0	0	0	0	0	0	0
2107.jpg	1	0	0	0	0	0	0	0	0
1044.jpg	1	0	0	0	0	0	0	0	0
1797.jpg	1	0	0	0	0	0	0	0	0
1746.jpg	1	0	0	0	0	0	0	0	0
1970.jpg	1	0	0	0	0	0	0	0	0
1796.jpg	1	0	0	0	0	0	0	0	0
114.jpg	1	0	0	0	0	0	0	0	0
217.jpg	1	0	0	0	0	0	0	0	0
2161.jpg	1	0	0	0	0	0	0	0	0
1165.jpg	1	0	0	0	0	0	0	0	0
2121.jpg	1	0	0	0	0	0	0	0	0
1635.jpg	1	0	0	0	0	0	0	0	0
1405.jpg	1	0	0	0	0	0	0	0	0
56.jpg	1	0	0	0	0	0	0	0	0
31.jpg	1	0	0	0	0	0	0	0	0
415.jpg	1	0	0	0	0	0	0	0	0
2786.jpg	1	0	0	0	0	0	0	0	0
192.jpg	1	0	0	0	0	0	0	0	0
1597.jpg	1	0	0	0	0	0	0	0	0
1889.jpg	1	0	0	0	0	0	0	0	0
20.jpg	1	0	0	0	0	0	0	0	0
1086.jpg	1	0	0	0	0	0	0	0	0
365.jpg	1	0	0	0	0	0	0	0	0
1810.jpg	1	0	0	0	0	0	0	0	0
1954.jpg	1	0	0	0	0	0	0	0	0
2912.jpg	1	0	0	0	0	0	0	0	0
2753.jpg	1	0	0	0	0	0	0	0	0
2769.jpg	1	0	0	0	0	0	0	0	0
1123.jpg	1	0	0	0	0	0	0	0	0
2743.jpg	1	0	0	0	0	0	0	0	0
1771.jpg	1	0	0	0	0	0	0	0	0
1356.jpg	1	0	0	0	0	0	0	0	0
2277.jpg	1	0	0	0	0	0	0	0	0
2141.jpg	1	0	0	0	0	0	0	0	0
2919.jpg	1	0	0	0	0	0	0	0	0
2848.jpg	1	0	0	0	0	0	0	0	0
2010.jpg	1	0	0	0	0	0	0	0	0
2703.jpg	1	0	0	0	0	0	0	0	0
151.jpg	1	0	0	0	0	0	0	0	0
322.jpg	1	0	0	0	0	0	0	0	0
1095.jpg	1	0	0	0	0	0	0	0	0
1001.jpg	1	0	0	0	0	0	0	0	0
1931.jpg	1	0	0	0	0	0	0	0	0
1703.jpg	1	0	0	0	0	0	0	0	0
2039.jpg	1	0	0	0	0	0	0	0	0
87.jpg	1	0	0	0	0	0	0	0	0
2139.jpg	1	0	0	0	0	0	0	0	0
1233.jpg	1	0	0	0	0	0	0	0	0
1575.jpg	1	0	0	0	0	0	0	0	0
1793.jpg	1	0	0	0	0	0	0	0	0
1505.jpg	1	0	0	0	0	0	0	0	0
1523.jpg	1	0	0	0	0	0	0	0	0
1078.jpg	1	0	0	0	0	0	0	0	0
361.jpg	1	0	0	0	0	0	0	0	0
2819.jpg	1	0	0	0	0	0	0	0	0
1445.jpg	1	0	0	0	0	0	0	0	0
1212.jpg	1	0	0	0	0	0	0	0	0
2135.jpg	1	0	0	0	0	0	0	0	0
1186.jpg	1	0	0	0	0	0	0	0	0
2777.jpg	1	0	0	0	0	0	0	0	0
1029.jpg	1	0	0	0	0	0	0	0	0
2793.jpg	1	0	0	0	0	0	0	0	0
2752.jpg	1	0	0	0	0	0	0	0	0
560.jpg	1	0	0	0	0	0	0	0	0
1157.jpg	1	0	0	0	0	0	0	0	0
459.jpg	1	0	0	0	0	0	0	0	0
2152.jpg	1	0	0	0	0	0	0	0	0
2144.jpg	1	0	0	0	0	0	0	0	0
2718.jpg	1	0	0	0	0	0	0	0	0
1886.jpg	1	0	0	0	0	0	0	0	0
1075.jpg	1	0	0	0	0	0	0	0	0
1744.jpg	1	0	0	0	0	0	0	0	0
2067.jpg	1	0	0	0	0	0	0	0	0
2800.jpg	1	0	0	0	0	0	0	0	0
1728.jpg	1	0	0	0	0	0	0	0	0
384.jpg	1	0	0	0	0	0	0	0	0
2858.jpg	1	0	0	0	0	0	0	0	0
1231.jpg	1	0	0	0	0	0	0	0	0
1787.jpg	1	0	0	0	0	0	0	0	0
2778.jpg	1	0	0	0	0	0	0	0	0
1912.jpg	1	0	0	0	0	0	0	0	0
1.jpg	1	0	0	0	0	0	0	0	0
2908.jpg	1	0	0	0	0	0	0	0	0
1340.jpg	1	0	0	0	0	0	0	0	0
2150.jpg	1	0	0	0	0	0	0	0	0
1790.jpg	1	0	0	0	0	0	0	0	0
1769.jpg	1	0	0	0	0	0	0	0	0
131.jpg	1	0	0	0	0	0	0	0	0
1081.jpg	1	0	0	0	0	0	0	0	0
1222.jpg	1	0	0	0	0	0	0	0	0
1873.jpg	1	0	0	0	0	0	0	0	0
1624.jpg	1	0	0	0	0	0	0	0	0
2055.jpg	1	0	0	0	0	0	0	0	0
92.jpg	1	0	0	0	0	0	0	0	0
338.jpg	1	0	0	0	0	0	0	0	0
331.jpg	1	0	0	0	0	0	0	0	0
166.jpg	1	0	0	0	0	0	0	0	0
1540.jpg	1	0	0	0	0	0	0	0	0
1367.jpg	1	0	0	0	0	0	0	0	0
1952.jpg	1	0	0	0	0	0	0	0	0
2755.jpg	1	0	0	0	0	0	0	0	0
1446.jpg	1	0	0	0	0	0	0	0	0
1032.jpg	1	0	0	0	0	0	0	0	0
481.jpg	1	0	0	0	0	0	0	0	0
367.jpg	1	0	0	0	0	0	0	0	0
2098.jpg	1	0	0	0	0	0	0	0	0
2219.jpg	1	0	0	0	0	0	0	0	0
2030.jpg	1	0	0	0	0	0	0	0	0
1672.jpg	1	0	0	0	0	0	0	0	0
222.jpg	1	0	0	0	0	0	0	0	0
1698.jpg	1	0	0	0	0	0	0	0	0
512.jpg	1	0	0	0	0	0	0	0	0
2066.jpg	1	0	0	0	0	0	0	0	0
2878.jpg	1	0	0	0	0	0	0	0	0
1622.jpg	1	0	0	0	0	0	0	0	0
327.jpg	1	0	0	0	0	0	0	0	0
1664.jpg	1	0	0	0	0	0	0	0	0
1740.jpg	1	0	0	0	0	0	0	0	0
1541.jpg	1	0	0	0	0	0	0	0	0
1449.jpg	1	0	0	0	0	0	0	0	0
2045.jpg	1	0	0	0	0	0	0	0	0
1586.jpg	1	0	0	0	0	0	0	0	0
1778.jpg	1	0	0	0	0	0	0	0	0
2005.jpg	1	0	0	0	0	0	0	0	0
1568.jpg	1	0	0	0	0	0	0	0	0
1372.jpg	1	0	0	0	0	0	0	0	0
1281.jpg	1	0	0	0	0	0	0	0	0
203.jpg	1	0	0	0	0	0	0	0	0
1752.jpg	1	0	0	0	0	0	0	0	0
333.jpg	1	0	0	0	0	0	0	0	0
1800.jpg	1	0	0	0	0	0	0	0	0
1388.jpg	1	0	0	0	0	0	0	0	0
2900.jpg	1	0	0	0	0	0	0	0	0
1145.jpg	1	0	0	0	0	0	0	0	0
1113.jpg	1	0	0	0	0	0	0	0	0
363.jpg	1	0	0	0	0	0	0	0	0
997.jpg	1	0	0	0	0	0	0	0	0
1786.jpg	1	0	0	0	0	0	0	0	0
1386.jpg	1	0	0	0	0	0	0	0	0
1606.jpg	1	0	0	0	0	0	0	0	0
1877.jpg	1	0	0	0	0	0	0	0	0
1284.jpg	1	0	0	0	0	0	0	0	0
2891.jpg	1	0	0	0	0	0	0	0	0
370.jpg	1	0	0	0	0	0	0	0	0
211.jpg	1	0	0	0	0	0	0	0	0
2018.jpg	1	0	0	0	0	0	0	0	0
2716.jpg	1	0	0	0	0	0	0	0	0
383.jpg	1	0	0	0	0	0	0	0	0
220.jpg	1	0	0	0	0	0	0	0	0
42.jpg	1	0	0	0	0	0	0	0	0
372.jpg	1	0	0	0	0	0	0	0	0
88.jpg	1	0	0	0	0	0	0	0	0
1021.jpg	1	0	0	0	0	0	0	0	0
2915.jpg	1	0	0	0	0	0	0	0	0
1439.jpg	1	0	0	0	0	0	0	0	0
2177.jpg	1	0	0	0	0	0	0	0	0
1400.jpg	1	0	0	0	0	0	0	0	0
1389.jpg	1	0	0	0	0	0	0	0	0
156.jpg	1	0	0	0	0	0	0	0	0
1127.jpg	1	0	0	0	0	0	0	0	0
149.jpg	1	0	0	0	0	0	0	0	0
2012.jpg	1	0	0	0	0	0	0	0	0
1901.jpg	1	0	0	0	0	0	0	0	0
1732.jpg	1	0	0	0	0	0	0	0	0
1669.jpg	1	0	0	0	0	0	0	0	0
2772.jpg	1	0	0	0	0	0	0	0	0
2264.jpg	1	0	0	0	0	0	0	0	0
2209.jpg	1	0	0	0	0	0	0	0	0
1601.jpg	1	0	0	0	0	0	0	0	0
276.jpg	1	0	0	0	0	0	0	0	0
1091.jpg	1	0	0	0	0	0	0	0	0
350.jpg	1	0	0	0	0	0	0	0	0
2208.jpg	1	0	0	0	0	0	0	0	0
2518.jpg	1	0	0	0	0	0	0	0	0
1691.jpg	1	0	0	0	0	0	0	0	0
223.jpg	1	0	0	0	0	0	0	0	0
549.jpg	1	0	0	0	0	0	0	0	0
2051.jpg	1	0	0	0	0	0	0	0	0
1322.jpg	1	0	0	0	0	0	0	0	0
158.jpg	1	0	0	0	0	0	0	0	0
1546.jpg	1	0	0	0	0	0	0	0	0
2086.jpg	1	0	0	0	0	0	0	0	0
1008.jpg	1	0	0	0	0	0	0	0	0
1600.jpg	1	0	0	0	0	0	0	0	0
2260.jpg	0	1	0	0	0	0	0	0	0
812.jpg	0	1	0	1	0	0	0	0	0
2579.jpg	0	1	0	1	0	0	0	0	0
2442.jpg	0	1	0	0	0	0	0	0	0
733.jpg	0	0	0	1	0	0	0	0	0
2448.jpg	0	1	0	0	0	0	0	0	0
2610.jpg	0	1	0	0	0	0	0	0	0
1448.jpg	0	1	0	0	0	0	0	0	0
2563.jpg	0	1	0	1	0	0	0	0	0
2939.jpg	0	0	1	0	0	0	0	0	0
815.jpg	0	0	0	1	0	0	0	0	0
597.jpg	0	1	0	0	0	0	0	0	0
2659.jpg	0	0	0	1	0	0	0	0	0
2387.jpg	0	1	0	0	0	0	0	0	0
2564.jpg	0	1	0	0	0	0	0	0	0
791.jpg	0	1	0	0	0	0	0	0	0
313.jpg	0	0	0	1	0	0	0	0	0
659.jpg	0	1	0	1	0	0	0	0	0
1903.jpg	0	0	0	1	0	0	0	0	0
446.jpg	0	0	0	0	0	1	0	0	0
2520.jpg	0	0	0	1	0	0	0	0	0
2507.jpg	0	0	0	0	0	1	0	0	0
675.jpg	0	1	0	1	0	0	0	0	0
1548.jpg	0	1	0	1	0	0	0	0	0
735.jpg	0	1	0	0	0	0	0	0	0
1082.jpg	0	0	0	0	0	1	0	0	0
2469.jpg	0	0	0	0	0	1	0	0	0
708.jpg	0	1	0	0	0	0	0	0	0
461.jpg	0	1	0	1	0	0	0	0	0
609.jpg	0	1	0	0	0	0	0	0	0
993.jpg	0	1	0	0	0	0	0	0	0
2609.jpg	0	1	0	1	0	0	0	0	0
2416.jpg	0	1	0	1	0	0	0	0	0
2916.jpg	0	0	0	1	0	0	0	0	0
1715.jpg	0	1	0	1	0	0	0	0	0
1705.jpg	0	1	0	0	0	0	0	0	0
2979.jpg	0	0	1	0	0	0	0	0	0
2356.jpg	0	1	0	0	0	0	0	0	0
302.jpg	0	1	0	0	0	0	0	0	0
2451.jpg	0	1	0	0	0	0	0	0	0
2249.jpg	0	0	0	0	0	1	0	0	0
3000.jpg	0	1	1	0	0	0	0	0	0
630.jpg	0	0	0	0	0	1	0	0	0
716.jpg	0	0	0	0	0	1	0	0	0
390.jpg	0	1	0	0	0	0	0	0	0
909.jpg	0	0	0	0	0	1	0	0	0
2940.jpg	0	0	1	0	0	0	0	0	0
593.jpg	0	1	0	1	0	0	0	0	0
2317.jpg	0	1	0	0	0	0	0	0	0
685.jpg	0	1	0	1	0	0	0	0	0
608.jpg	0	1	0	0	0	0	0	0	0
2990.jpg	0	0	1	0	0	0	0	0	0
992.jpg	0	1	0	0	0	0	0	0	0
793.jpg	0	1	0	0	0	1	0	0	0
183.jpg	0	0	0	1	0	0	0	0	0
2310.jpg	0	1	0	0	0	0	0	0	0
2673.jpg	0	0	0	1	0	0	0	0	0
2693.jpg	0	0	0	1	0	0	0	0	0
402.jpg	0	1	0	1	0	0	0	0	0
513.jpg	0	1	0	0	0	0	0	0	0
2816.jpg	0	0	0	1	0	0	0	0	0
720.jpg	0	1	0	0	0	0	0	0	0
699.jpg	0	0	0	1	0	0	0	0	0
1504.jpg	0	1	0	0	0	0	0	0	0
113.jpg	0	1	0	1	0	0	0	0	0
834.jpg	0	1	0	0	0	0	0	0	0
2548.jpg	0	1	0	1	0	0	0	0	0
2995.jpg	0	0	1	0	0	0	0	0	0
650.jpg	0	1	0	0	0	0	0	0	0
889.jpg	0	1	0	0	0	0	0	0	0
2004.jpg	0	1	0	1	0	0	0	0	0
2367.jpg	0	1	0	1	0	0	0	0	0
15.jpg	0	0	0	1	0	0	0	0	0
2409.jpg	0	1	0	1	0	0	0	0	0
705.jpg	0	1	0	0	0	0	0	0	0
448.jpg	0	1	0	0	0	0	0	0	0
2116.jpg	0	1	0	1	0	0	0	0	0
726.jpg	0	1	0	1	0	0	0	0	0
2340.jpg	0	1	0	0	0	0	0	0	0
1038.jpg	0	1	0	1	0	0	0	0	0
633.jpg	0	1	0	0	0	0	0	0	0
2282.jpg	0	1	0	0	0	0	0	0	0
2384.jpg	0	1	0	1	0	0	0	0	0
2397.jpg	0	1	0	0	0	0	0	0	0
2705.jpg	0	0	0	1	0	0	0	0	0
1515.jpg	0	1	0	0	0	0	0	0	0
814.jpg	0	0	0	1	0	0	0	0	0
2319.jpg	0	1	0	0	0	0	0	0	0
2115.jpg	0	1	0	1	0	0	0	0	0
2423.jpg	0	1	0	0	0	0	0	0	0
693.jpg	0	1	0	1	0	0	0	0	0
1203.jpg	0	1	0	0	0	0	0	0	0
2574.jpg	0	1	0	0	0	0	0	0	0
1859.jpg	0	1	0	0	0	0	0	0	0
991.jpg	0	1	0	0	0	0	0	0	0
835.jpg	0	1	0	0	0	0	0	0	0
655.jpg	0	0	0	1	0	0	0	0	0
2309.jpg	0	1	0	0	0	0	0	0	0
2644.jpg	0	0	0	1	0	0	0	0	0
1938.jpg	0	1	0	0	0	0	0	0	0
848.jpg	0	1	0	0	0	0	0	0	0
789.jpg	0	0	0	1	0	0	0	0	0
762.jpg	0	0	0	1	0	0	0	0	0
1048.jpg	0	1	0	0	0	0	0	0	0
2991.jpg	0	0	1	0	0	0	0	0	0
2321.jpg	0	1	0	0	0	0	0	0	0
2403.jpg	0	1	0	0	0	0	0	0	0
1027.jpg	0	1	0	0	0	0	0	0	0
2376.jpg	0	1	0	0	0	0	0	0	0
2861.jpg	0	0	0	1	0	0	0	0	0
1892.jpg	0	1	0	1	0	0	0	0	0
1471.jpg	0	1	0	1	0	0	0	0	0
456.jpg	0	1	0	0	0	0	0	0	0
474.jpg	0	1	0	1	0	0	0	0	0
369.jpg	0	1	0	0	0	0	0	0	0
2498.jpg	0	0	0	1	0	0	0	0	0
1482.jpg	0	0	0	1	0	0	0	0	0
2952.jpg	0	0	1	0	0	0	0	0	0
2472.jpg	0	0	0	0	0	1	0	0	0
2405.jpg	0	1	0	1	0	0	0	0	0
978.jpg	0	0	0	1	0	0	0	0	0
2494.jpg	0	0	0	1	0	0	0	0	0
2427.jpg	0	1	0	0	0	0	0	0	0
2114.jpg	0	1	0	0	0	0	0	0	0
1060.jpg	0	0	0	1	0	0	0	0	0
1253.jpg	0	1	0	0	0	0	0	0	0
607.jpg	0	1	0	0	0	0	0	0	0
784.jpg	0	1	0	1	0	0	0	0	0
2600.jpg	0	0	0	1	0	0	0	0	0
2948.jpg	0	0	1	0	0	0	0	0	0
518.jpg	0	1	0	1	0	0	0	0	0
176.jpg	0	1	0	0	0	0	0	0	0
1993.jpg	0	1	0	0	0	0	0	0	0
2060.jpg	0	1	0	0	0	0	0	0	0
1670.jpg	0	1	0	1	0	0	0	0	0
438.jpg	0	1	0	0	0	0	0	0	0
2413.jpg	0	1	0	0	0	0	0	0	0
2360.jpg	0	1	0	0	0	0	0	0	0
470.jpg	0	0	0	1	0	0	0	0	0
583.jpg	0	1	0	0	0	0	0	0	0
122.jpg	0	0	0	1	0	0	0	0	0
751.jpg	0	1	0	0	0	0	0	0	0
2682.jpg	0	1	0	0	0	1	0	0	0
405.jpg	0	1	0	1	0	0	0	0	0
2305.jpg	0	1	0	0	0	0	0	0	0
970.jpg	0	1	0	0	0	0	0	0	0
625.jpg	0	1	0	1	0	0	0	0	0
491.jpg	0	1	0	1	0	0	0	0	0
2959.jpg	0	1	1	0	0	0	0	0	0
1626.jpg	0	0	0	1	0	0	0	0	0
2545.jpg	0	0	0	1	0	0	0	0	0
691.jpg	0	1	0	1	0	0	0	0	0
2438.jpg	0	1	0	0	0	0	0	0	0
646.jpg	0	1	0	0	0	0	0	0	0
2647.jpg	0	0	0	0	0	1	0	0	0
2344.jpg	0	1	0	0	0	0	0	0	0
2504.jpg	0	1	0	0	0	0	0	0	0
1137.jpg	0	1	0	0	0	0	0	0	0
1982.jpg	0	1	0	0	0	0	0	0	0
729.jpg	0	0	0	1	0	0	0	0	0
2379.jpg	0	1	0	0	0	0	0	0	0
2353.jpg	0	1	0	0	0	0	0	0	0
778.jpg	0	0	0	1	0	0	0	0	0
2669.jpg	0	0	0	1	0	0	0	0	0
2998.jpg	0	1	1	0	0	0	0	0	0
2425.jpg	0	1	0	1	0	0	0	0	0
949.jpg	0	1	0	0	0	0	0	0	0
850.jpg	0	1	0	1	0	0	0	0	0
632.jpg	0	1	0	0	0	0	0	0	0
2182.jpg	0	1	0	0	0	0	0	0	0
2323.jpg	0	1	0	0	0	0	0	0	0
2452.jpg	0	1	0	1	0	0	0	0	0
743.jpg	0	1	0	1	0	0	0	0	0
709.jpg	0	1	0	0	0	0	0	0	0
752.jpg	0	1	0	1	0	0	0	0	0
2569.jpg	0	1	0	1	0	0	0	0	0
2556.jpg	0	0	0	1	0	0	0	0	0
2445.jpg	0	1	0	0	0	1	0	0	0
2683.jpg	0	1	0	1	0	0	0	0	0
946.jpg	0	1	0	1	0	0	0	0	0
174.jpg	0	1	0	0	0	0	0	0	0
2658.jpg	0	1	0	0	0	1	0	0	0
2668.jpg	0	0	0	0	0	1	0	0	0
2481.jpg	0	1	0	1	0	0	0	0	0
626.jpg	0	1	0	0	0	0	0	0	0
2332.jpg	0	1	0	1	0	0	0	0	0
813.jpg	0	1	0	0	0	0	0	0	0
2453.jpg	0	1	0	1	0	0	0	0	0
2949.jpg	0	0	1	0	0	0	0	0	0
2931.jpg	0	0	1	0	0	0	0	0	0
2420.jpg	0	1	0	0	0	0	0	0	0
2082.jpg	0	1	0	1	0	0	0	0	0
686.jpg	0	1	0	0	0	0	0	0	0
505.jpg	0	1	0	0	0	0	0	0	0
410.jpg	0	1	0	0	0	0	0	0	0
2361.jpg	0	1	0	0	0	0	0	0	0
2435.jpg	0	1	0	0	0	0	0	0	0
2606.jpg	0	0	0	1	0	0	0	0	0
837.jpg	0	1	0	1	0	0	0	0	0
2503.jpg	0	1	0	0	0	1	0	0	0
959.jpg	0	1	0	0	0	0	0	0	0
2381.jpg	0	1	0	1	0	0	0	0	0
2324.jpg	0	1	0	0	0	0	0	0	0
740.jpg	0	1	0	1	0	0	0	0	0
2978.jpg	0	0	1	0	0	0	0	0	0
730.jpg	0	1	0	0	0	0	0	0	0
875.jpg	0	1	0	0	0	0	0	0	0
2357.jpg	0	1	0	0	0	0	0	0	0
69.jpg	0	0	0	1	0	0	0	0	0
987.jpg	0	1	0	0	0	0	0	0	0
616.jpg	0	1	0	1	0	0	0	0	0
2603.jpg	0	1	0	0	0	1	0	0	0
2960.jpg	0	0	1	0	0	0	0	0	0
755.jpg	0	1	0	0	0	0	0	0	0
2962.jpg	0	0	1	0	0	0	0	0	0
2706.jpg	0	1	0	0	0	1	0	0	0
2485.jpg	0	0	0	1	0	0	0	0	0
2951.jpg	0	0	1	0	0	0	0	0	0
306.jpg	0	1	0	0	0	0	0	0	0
2987.jpg	0	0	1	0	0	0	0	0	0
701.jpg	0	1	0	1	0	0	0	0	0
1178.jpg	0	0	0	1	0	0	0	0	0
2316.jpg	0	1	0	0	0	0	0	0	0
718.jpg	0	1	0	0	0	0	0	0	0
634.jpg	0	1	0	0	0	0	0	0	0
528.jpg	0	1	0	0	0	0	0	0	0
1385.jpg	0	1	0	1	0	0	0	0	0
2531.jpg	0	0	0	1	0	0	0	0	0
627.jpg	0	1	0	1	0	0	0	0	0
2412.jpg	0	1	0	0	0	0	0	0	0
2652.jpg	0	0	0	0	0	1	0	0	0
758.jpg	0	1	0	0	0	1	0	0	0
969.jpg	0	0	0	0	0	1	0	0	0
894.jpg	0	1	0	0	0	0	0	0	0
899.jpg	0	1	0	0	0	0	0	0	0
2471.jpg	0	0	0	1	0	0	0	0	0
1759.jpg	0	1	0	1	0	0	0	0	0
782.jpg	0	0	0	1	0	0	0	0	0
2996.jpg	0	0	1	0	0	0	0	0	0
1971.jpg	0	1	0	0	0	0	0	0	0
926.jpg	0	1	0	0	0	0	0	0	0
2524.jpg	0	0	0	0	0	1	0	0	0
2565.jpg	0	1	0	0	0	0	0	0	0
475.jpg	0	1	0	1	0	0	0	0	0
2578.jpg	0	1	0	0	0	0	0	0	0
764.jpg	0	1	0	1	0	0	0	0	0
617.jpg	0	1	0	0	0	0	0	0	0
702.jpg	0	0	0	1	0	0	0	0	0
1293.jpg	0	0	0	1	0	0	0	0	0
2476.jpg	0	0	0	1	0	0	0	0	0
3.jpg	0	0	0	1	0	0	0	0	0
489.jpg	0	1	0	1	0	0	0	0	0
763.jpg	0	1	0	1	0	0	0	0	0
972.jpg	0	1	0	0	0	0	0	0	0
2467.jpg	0	0	0	1	0	0	0	0	0
2483.jpg	0	1	0	1	0	0	0	0	0
2393.jpg	0	0	0	0	0	1	0	0	0
2942.jpg	0	1	1	1	0	0	0	0	0
2525.jpg	0	0	0	1	0	0	0	0	0
2338.jpg	0	1	0	1	0	0	0	0	0
1614.jpg	0	1	0	0	0	0	0	0	0
565.jpg	0	1	0	0	0	0	0	0	0
787.jpg	0	1	0	1	0	0	0	0	0
506.jpg	0	1	0	0	0	0	0	0	0
2519.jpg	0	0	0	1	0	0	0	0	0
612.jpg	0	1	0	0	0	0	0	0	0
683.jpg	0	0	0	1	0	0	0	0	0
903.jpg	0	1	0	0	0	0	0	0	0
1459.jpg	0	0	0	1	0	0	0	0	0
774.jpg	0	0	0	0	0	1	0	0	0
2611.jpg	0	0	0	1	0	0	0	0	0
772.jpg	0	1	0	1	0	0	0	0	0
1182.jpg	0	1	0	0	0	0	0	0	0
1315.jpg	0	1	0	1	0	0	0	0	0
430.jpg	0	1	0	1	0	0	0	0	0
1204.jpg	0	0	0	1	0	0	0	0	0
516.jpg	0	1	0	1	0	0	0	0	0
2358.jpg	0	1	0	1	0	0	0	0	0
2850.jpg	0	1	0	1	0	0	0	0	0
1604.jpg	0	1	0	0	0	0	0	0	0
1004.jpg	0	1	0	0	0	0	0	0	0
2537.jpg	0	1	0	0	0	0	0	0	0
844.jpg	0	1	0	0	0	0	0	0	0
2567.jpg	0	1	0	0	0	0	0	0	0
2509.jpg	0	1	0	1	0	0	0	0	0
2936.jpg	0	0	1	0	0	0	0	0	0
811.jpg	0	1	0	0	0	0	0	0	0
1726.jpg	0	0	0	1	0	0	0	0	0
543.jpg	0	1	0	0	0	0	0	0	0
1483.jpg	0	1	0	0	0	0	0	0	0
1149.jpg	0	1	0	0	0	0	0	0	0
695.jpg	0	0	0	0	0	1	0	0	0
2571.jpg	0	0	0	0	0	1	0	0	0
798.jpg	0	0	0	1	0	0	0	0	0
986.jpg	0	0	0	1	0	0	0	0	0
523.jpg	0	1	0	0	0	0	0	0	0
2293.jpg	0	1	0	1	0	0	0	0	0
2967.jpg	0	0	1	0	0	0	0	0	0
629.jpg	0	1	0	0	0	0	0	0	0
873.jpg	0	1	0	1	0	0	0	0	0
2999.jpg	0	1	1	0	0	0	0	0	0
2834.jpg	0	1	0	0	0	0	0	0	0
524.jpg	0	0	0	0	0	1	0	0	0
2417.jpg	0	1	0	0	0	0	0	0	0
2037.jpg	0	1	0	0	0	0	0	0	0
2337.jpg	0	1	0	0	0	0	0	0	0
2473.jpg	0	0	0	0	0	1	0	0	0
2306.jpg	0	1	0	0	0	0	0	0	0
725.jpg	0	1	0	0	0	0	0	0	0
937.jpg	0	1	0	0	0	0	0	0	0
2552.jpg	0	0	0	0	0	1	0	0	0
3003.jpg	0	1	1	0	0	0	0	0	0
2562.jpg	0	1	0	0	0	0	0	0	0
572.jpg	0	1	0	1	0	0	0	0	0
2587.jpg	0	1	0	1	0	0	0	0	0
2557.jpg	0	1	0	0	0	0	0	0	0
631.jpg	0	0	0	1	0	0	0	0	0
769.jpg	0	1	0	1	0	0	0	0	0
2828.jpg	0	1	0	1	0	0	0	0	0
2646.jpg	0	0	0	1	0	0	0	0	0
913.jpg	0	0	0	1	0	0	0	0	0
780.jpg	0	1	0	0	0	0	0	0	0
488.jpg	0	1	0	0	0	0	0	0	0
842.jpg	0	0	0	0	0	1	0	0	0
574.jpg	0	1	0	0	0	0	0	0	0
1593.jpg	0	1	0	0	0	0	0	0	0
2475.jpg	0	0	0	0	0	1	0	0	0
256.jpg	0	0	0	1	0	0	0	0	0
2366.jpg	0	1	0	1	0	0	0	0	0
2363.jpg	0	0	0	1	0	0	0	0	0
2315.jpg	0	1	0	1	0	0	0	0	0
2642.jpg	0	1	0	0	0	1	0	0	0
2459.jpg	0	1	0	1	0	0	0	0	0
2937.jpg	0	1	1	0	0	0	0	0	0
819.jpg	0	1	0	0	0	0	0	0	0
2526.jpg	0	1	0	0	0	0	0	0	0
692.jpg	0	1	0	1	0	0	0	0	0
964.jpg	0	1	0	1	0	0	0	0	0
577.jpg	0	1	0	0	0	0	0	0	0
2534.jpg	0	0	0	1	0	0	0	0	0
2433.jpg	0	1	0	0	0	0	0	0	0
2699.jpg	0	1	0	0	0	0	0	0	0
2956.jpg	0	0	1	0	0	0	0	0	0
2449.jpg	0	1	0	0	0	1	0	0	0
2697.jpg	0	0	0	1	0	0	0	0	0
412.jpg	0	0	0	0	0	1	0	0	0
2677.jpg	0	0	0	1	0	0	0	0	0
526.jpg	0	0	0	1	0	0	0	0	0
2450.jpg	0	1	0	1	0	0	0	0	0
594.jpg	0	0	0	1	0	0	0	0	0
2608.jpg	0	1	0	1	0	0	0	0	0
2226.jpg	0	0	0	1	0	0	0	0	0
2431.jpg	0	0	0	1	0	0	0	0	0
2299.jpg	0	1	0	0	0	0	0	0	0
2322.jpg	0	1	0	0	0	0	0	0	0
567.jpg	0	1	0	1	0	0	0	0	0
2558.jpg	0	1	0	1	0	0	0	0	0
2619.jpg	0	1	0	1	0	0	0	0	0
2634.jpg	0	0	0	1	0	0	0	0	0
925.jpg	0	1	0	0	0	0	0	0	0
672.jpg	0	0	0	0	0	1	0	0	0
2380.jpg	0	1	0	1	0	0	0	0	0
571.jpg	0	0	0	1	0	0	0	0	0
2102.jpg	0	1	0	0	0	0	0	0	0
519.jpg	0	1	0	1	0	0	0	0	0
2981.jpg	0	0	1	0	0	0	0	0	0
454.jpg	0	0	0	1	0	0	0	0	0
2982.jpg	0	0	1	0	0	0	0	0	0
2390.jpg	0	1	0	0	0	0	0	0	0
902.jpg	0	1	0	0	0	0	0	0	0
2607.jpg	0	0	0	1	0	0	0	0	0
904.jpg	0	0	0	1	0	0	0	0	0
2372.jpg	0	1	0	0	0	0	0	0	0
643.jpg	0	1	0	0	0	0	0	0	0
2580.jpg	0	1	0	0	0	0	0	0	0
2530.jpg	0	0	0	1	0	0	0	0	0
951.jpg	0	1	0	1	0	0	0	0	0
1615.jpg	0	1	0	0	0	1	0	0	0
2540.jpg	0	0	0	1	0	0	0	0	0
2934.jpg	0	0	1	0	0	0	0	0	0
918.jpg	0	1	0	0	0	0	0	0	0
2547.jpg	0	1	0	0	0	0	0	0	0
840.jpg	0	0	0	1	0	0	0	0	0
1307.jpg	0	1	0	0	0	0	0	0	0
301.jpg	0	1	0	0	0	0	0	0	0
975.jpg	0	1	0	0	0	0	0	0	0
2311.jpg	0	1	0	0	0	0	0	0	0
2645.jpg	0	0	0	0	0	1	0	0	0
1949.jpg	0	1	0	0	0	0	0	0	0
829.jpg	0	1	0	0	0	0	0	0	0
134.jpg	0	1	0	0	0	0	0	0	0
2927.jpg	0	1	1	0	0	0	0	0	0
2905.jpg	0	1	0	1	0	0	0	0	0
2946.jpg	0	0	1	0	0	0	0	0	0
14.jpg	0	0	0	1	0	0	0	0	0
1010.jpg	0	1	0	0	0	0	0	0	0
592.jpg	0	1	0	0	0	0	0	0	0
453.jpg	0	1	0	0	0	0	0	0	0
704.jpg	0	1	0	0	0	0	0	0	0
657.jpg	0	1	0	0	0	0	0	0	0
414.jpg	0	1	0	0	0	0	0	0	0
876.jpg	0	1	0	0	0	0	0	0	0
722.jpg	0	1	0	1	0	0	0	0	0
2415.jpg	0	1	0	1	0	0	0	0	0
1115.jpg	0	1	0	1	0	0	0	0	0
2343.jpg	0	1	0	0	0	0	0	0	0
2549.jpg	0	1	0	1	0	0	0	0	0
1181.jpg	0	0	0	1	0	0	0	0	0
2555.jpg	0	1	0	0	0	0	0	0	0
1118.jpg	0	0	0	1	0	0	0	0	0
2429.jpg	0	1	0	1	0	0	0	0	0
2392.jpg	0	1	0	1	0	0	0	0	0
2935.jpg	0	0	1	0	0	0	0	0	0
2984.jpg	0	0	1	0	0	0	0	0	0
766.jpg	0	1	0	0	0	0	0	0	0
742.jpg	0	0	0	1	0	0	0	0	0
2539.jpg	0	0	0	1	0	0	0	0	0
2301.jpg	0	1	0	0	0	0	0	0	0
2071.jpg	0	1	0	0	0	0	0	0	0
404.jpg	0	1	0	0	0	0	0	0	0
2953.jpg	0	1	1	0	0	0	0	0	0
2421.jpg	0	1	0	0	0	0	0	0	0
2349.jpg	0	1	0	0	0	0	0	0	0
2295.jpg	0	1	0	0	0	0	0	0	0
2426.jpg	0	0	0	1	0	0	0	0	0
856.jpg	0	1	0	0	0	0	0	0	0
933.jpg	0	1	0	1	0	0	0	0	0
711.jpg	0	1	0	1	0	0	0	0	0
694.jpg	0	1	0	1	0	0	0	0	0
1437.jpg	0	1	0	1	0	0	0	0	0
777.jpg	0	1	0	0	0	0	0	0	0
1881.jpg	0	1	0	0	0	0	0	0	0
2662.jpg	0	0	0	1	0	0	0	0	0
2678.jpg	0	0	0	0	0	1	0	0	0
80.jpg	0	0	0	1	0	0	0	0	0
2620.jpg	0	1	0	1	0	0	0	0	0
689.jpg	0	1	0	0	0	0	0	0	0
1242.jpg	0	0	0	1	0	0	0	0	0
1570.jpg	0	1	0	1	0	0	0	0	0
540.jpg	0	1	0	0	0	0	0	0	0
2492.jpg	0	0	0	1	0	0	0	0	0
1433.jpg	0	1	0	1	0	0	0	0	0
660.jpg	0	1	0	0	0	0	0	0	0
2303.jpg	0	1	0	0	0	0	0	0	0
624.jpg	0	1	0	0	0	0	0	0	0
2933.jpg	0	0	1	0	0	0	0	0	0
2581.jpg	0	1	0	0	0	0	0	0	0
2966.jpg	0	0	1	0	0	0	0	0	0
3006.jpg	0	1	1	0	0	0	0	0	0
434.jpg	0	1	0	0	0	0	0	0	0
2365.jpg	0	1	0	1	0	0	0	0	0
645.jpg	0	1	0	0	0	0	0	0	0
2474.jpg	0	0	0	0	0	1	0	0	0
426.jpg	0	1	0	0	0	0	0	0	0
531.jpg	0	1	0	0	0	0	0	0	0
666.jpg	0	1	0	0	0	0	0	0	0
697.jpg	0	1	0	0	0	0	0	0	0
965.jpg	0	0	0	1	0	0	0	0	0
544.jpg	0	1	0	0	0	0	0	0	0
1870.jpg	0	1	0	0	0	0	0	0	0
754.jpg	0	0	0	1	0	0	0	0	0
2523.jpg	0	1	0	1	0	0	0	0	0
2528.jpg	0	0	0	1	0	0	0	0	0
393.jpg	0	1	0	0	0	0	0	0	0
394.jpg	0	0	0	1	0	0	0	0	0
2330.jpg	0	1	0	0	0	0	0	0	0
1960.jpg	0	1	0	0	0	0	0	0	0
700.jpg	0	1	0	0	0	0	0	0	0
885.jpg	0	1	0	1	0	0	0	0	0
2437.jpg	0	1	0	1	0	0	0	0	0
440.jpg	0	0	0	1	0	0	0	0	0
558.jpg	0	0	0	1	0	0	0	0	0
2997.jpg	0	1	1	0	0	0	0	0	0
497.jpg	0	1	0	0	0	0	0	0	0
576.jpg	0	1	0	1	0	0	0	0	0
681.jpg	0	1	0	1	0	0	0	0	0
2513.jpg	0	0	0	1	0	0	0	0	0
706.jpg	0	1	0	0	0	0	0	0	0
3004.jpg	0	1	1	0	0	0	0	0	0
2993.jpg	0	1	1	0	0	0	0	0	0
990.jpg	0	1	0	0	0	0	0	0	0
527.jpg	0	1	0	0	0	0	0	0	0
2654.jpg	0	0	0	1	0	0	0	0	0
921.jpg	0	1	0	1	0	0	0	0	0
966.jpg	0	0	0	1	0	0	0	0	0
2382.jpg	0	1	0	1	0	0	0	0	0
2371.jpg	0	1	0	1	0	0	0	0	0
467.jpg	0	1	0	0	0	0	0	0	0
385.jpg	0	1	0	0	0	0	0	0	0
2444.jpg	0	1	0	0	0	0	0	0	0
818.jpg	0	0	0	1	0	0	0	0	0
1167.jpg	0	0	0	1	0	0	0	0	0
2439.jpg	0	1	0	0	0	1	0	0	0
641.jpg	0	1	0	1	0	0	0	0	0
2436.jpg	0	1	0	0	0	0	0	0	0
2872.jpg	0	0	0	1	0	0	0	0	0
611.jpg	0	1	0	0	0	0	0	0	0
2950.jpg	0	0	1	1	0	0	0	0	0
2300.jpg	0	1	0	0	0	0	0	0	0
2544.jpg	0	0	0	1	0	0	0	0	0
2963.jpg	0	0	1	0	0	0	0	0	0
501.jpg	0	1	0	1	0	0	0	0	0
911.jpg	0	1	0	0	0	0	0	0	0
998.jpg	0	1	0	0	0	0	0	0	0
822.jpg	0	1	0	0	0	0	0	0	0
2616.jpg	0	0	0	1	0	0	0	0	0
590.jpg	0	1	0	0	0	0	0	0	0
1585.jpg	0	1	0	0	0	0	0	0	0
1927.jpg	0	1	0	0	0	0	0	0	0
920.jpg	0	1	0	0	0	0	0	0	0
1015.jpg	0	1	0	0	0	0	0	0	0
2441.jpg	0	1	0	0	0	0	0	0	0
2665.jpg	0	1	0	0	0	1	0	0	0
2957.jpg	0	0	1	0	0	0	0	0	0
2105.jpg	0	1	0	0	0	0	0	0	0
2633.jpg	0	1	0	1	0	0	0	0	0
2495.jpg	0	0	0	1	0	0	0	0	0
1792.jpg	0	0	0	1	0	0	0	0	0
890.jpg	0	0	0	1	0	0	0	0	0
637.jpg	0	1	0	1	0	0	0	0	0
2347.jpg	0	1	0	0	0	0	0	0	0
587.jpg	0	1	0	0	0	0	0	0	0
2512.jpg	0	0	0	1	0	0	0	0	0
653.jpg	0	0	0	0	0	1	0	0	0
2440.jpg	0	1	0	0	0	0	0	0	0
2980.jpg	0	0	1	0	0	0	0	0	0
2585.jpg	0	1	0	0	0	0	0	0	0
2068.jpg	0	1	0	0	0	0	0	0	0
677.jpg	0	1	0	1	0	0	0	0	0
2975.jpg	0	0	1	0	0	0	0	0	0
2613.jpg	0	0	0	0	0	1	0	0	0
665.jpg	0	1	0	0	0	0	0	0	0
2414.jpg	0	1	0	0	0	0	0	0	0
680.jpg	0	1	0	1	0	0	0	0	0
2598.jpg	0	1	0	1	0	0	0	0	0
2434.jpg	0	1	0	1	0	0	0	0	0
324.jpg	0	1	0	0	0	0	0	0	0
790.jpg	0	1	0	0	0	0	0	0	0
2466.jpg	0	0	0	1	0	0	0	0	0
2462.jpg	0	0	0	1	0	0	0	0	0
399.jpg	0	1	0	1	0	0	0	0	0
468.jpg	0	1	0	0	0	0	0	0	0
2593.jpg	0	0	0	1	0	0	0	0	0
2493.jpg	0	1	0	1	0	0	0	0	0
934.jpg	0	1	0	1	0	0	0	0	0
1226.jpg	0	1	0	1	0	0	0	0	0
2398.jpg	0	1	0	0	0	0	0	0	0
741.jpg	0	1	0	0	0	0	0	0	0
2479.jpg	0	0	0	1	0	0	0	0	0
2638.jpg	0	1	0	1	0	0	0	0	0
773.jpg	0	0	0	1	0	0	0	0	0
1770.jpg	0	0	0	1	0	0	0	0	0
2533.jpg	0	0	0	1	0	0	0	0	0
2670.jpg	0	0	0	1	0	0	0	0	0
734.jpg	0	1	0	0	0	0	0	0	0
2447.jpg	0	1	0	0	0	0	0	0	0
2331.jpg	0	1	0	1	0	0	0	0	0
707.jpg	0	1	0	0	0	0	0	0	0
2378.jpg	0	1	0	0	0	0	0	0	0
2690.jpg	0	0	0	1	0	0	0	0	0
2675.jpg	0	0	0	0	0	1	0	0	0
2649.jpg	0	0	0	1	0	0	0	0	0
736.jpg	0	1	0	0	0	0	0	0	0
3007.jpg	0	1	1	0	0	0	0	0	0
2612.jpg	0	0	0	1	0	0	0	0	0
429.jpg	0	1	0	0	0	0	0	0	0
676.jpg	0	0	0	1	0	0	0	0	0
717.jpg	0	1	0	0	0	0	0	0	0
2510.jpg	0	0	0	1	0	0	0	0	0
830.jpg	0	0	0	1	0	0	0	0	0
2989.jpg	0	1	1	1	0	0	0	0	0
2630.jpg	0	1	0	1	0	0	0	0	0
1915.jpg	0	0	0	0	0	1	0	0	0
989.jpg	0	1	0	0	0	0	0	0	0
1265.jpg	0	1	0	0	0	0	0	0	0
2576.jpg	0	1	0	1	0	0	0	0	0
874.jpg	0	0	0	0	0	1	0	0	0
2602.jpg	0	1	0	0	0	0	0	0	0
955.jpg	0	1	0	0	0	0	0	0	0
427.jpg	0	1	0	1	0	0	0	0	0
2373.jpg	0	1	0	0	0	0	0	0	0
460.jpg	0	1	0	0	0	0	0	0	0
2374.jpg	0	1	0	0	0	0	0	0	0
2701.jpg	0	1	0	0	0	0	0	0	0
2328.jpg	0	1	0	0	0	0	0	0	0
2252.jpg	0	1	0	0	0	0	0	0	0
2351.jpg	0	1	0	0	0	0	0	0	0
589.jpg	0	1	0	0	0	0	0	0	0
