5.jpg	0	0	0	0	1	0	0	0	0
100.jpg	0	0	0	0	1	0	0	0	0
115.jpg	0	0	0	0	1	0	0	0	0
142.jpg	0	0	0	0	1	0	0	0	0
254.jpg	0	0	0	0	1	0	0	0	0
258.jpg	0	0	0	0	1	0	0	0	0
260.jpg	0	0	0	0	1	0	0	0	0
277.jpg	0	0	0	0	1	0	0	0	0
278.jpg	0	0	0	0	1	0	0	0	0
279.jpg	0	0	0	0	1	0	0	0	0
284.jpg	0	0	0	0	1	0	0	0	0
286.jpg	0	0	0	0	1	0	0	0	0
296.jpg	0	0	0	0	1	0	0	0	0
381.jpg	0	0	0	0	1	0	0	0	0
398.jpg	0	1	0	0	1	0	0	0	0
400.jpg	0	1	0	0	1	0	0	0	0
421.jpg	0	0	0	0	1	0	0	0	0
447.jpg	0	0	0	0	1	0	0	0	0
469.jpg	0	0	0	0	1	0	0	0	0
473.jpg	0	0	0	0	1	0	0	0	0
477.jpg	0	0	0	0	1	0	0	0	0
478.jpg	0	0	0	0	1	0	0	0	0
484.jpg	0	0	0	0	1	0	0	0	0
485.jpg	0	0	0	0	1	0	0	0	0
487.jpg	0	0	0	0	1	0	0	0	0
490.jpg	0	0	0	0	1	0	0	0	0
498.jpg	0	0	0	0	1	0	0	0	0
503.jpg	0	0	0	0	1	0	0	0	0
504.jpg	0	0	0	0	1	0	0	0	0
514.jpg	0	1	0	0	1	0	0	0	0
515.jpg	0	0	0	0	1	0	0	0	0
517.jpg	0	0	0	0	1	0	0	0	0
535.jpg	0	0	0	0	1	0	0	0	0
537.jpg	0	0	0	0	1	0	0	0	0
539.jpg	0	0	0	0	1	0	0	0	0
545.jpg	0	0	0	0	1	0	0	0	0
546.jpg	0	0	0	0	1	0	0	0	0
547.jpg	0	0	0	0	1	0	0	0	0
548.jpg	0	0	0	0	1	0	0	0	0
550.jpg	0	0	0	0	1	0	0	0	0
551.jpg	0	0	0	0	1	0	0	0	0
563.jpg	0	0	0	0	1	0	0	0	0
569.jpg	0	0	0	0	1	0	0	0	0
575.jpg	0	0	0	0	1	0	0	0	0
578.jpg	0	0	0	0	1	0	0	0	0
579.jpg	0	0	0	0	1	0	0	0	0
581.jpg	0	0	0	0	1	0	0	0	0
584.jpg	0	0	0	0	1	0	0	0	0
588.jpg	0	0	0	0	1	0	0	0	0
591.jpg	0	1	0	0	1	0	0	0	0
598.jpg	0	0	0	0	1	0	0	0	0
614.jpg	0	0	0	0	1	0	0	0	0
615.jpg	0	0	0	0	1	0	0	0	0
620.jpg	0	0	0	0	1	0	0	0	0
640.jpg	0	0	0	0	1	0	0	0	0
644.jpg	0	0	0	0	1	0	0	0	0
658.jpg	0	0	0	0	1	0	0	0	0
663.jpg	0	1	0	0	1	0	0	0	0
679.jpg	0	0	0	0	1	0	0	0	0
682.jpg	0	0	0	0	1	0	0	0	0
714.jpg	0	0	0	0	1	0	0	0	0
724.jpg	0	0	0	0	1	0	0	0	0
731.jpg	0	0	0	0	1	0	0	0	0
732.jpg	0	1	0	0	1	0	0	0	0
737.jpg	0	0	0	0	1	0	0	0	0
739.jpg	0	0	0	0	1	0	0	0	0
744.jpg	0	0	0	0	1	0	0	0	0
760.jpg	0	0	0	0	1	0	0	0	0
761.jpg	0	0	0	0	1	0	0	0	0
765.jpg	0	0	0	0	1	0	0	0	0
767.jpg	0	0	0	0	1	0	0	0	0
775.jpg	0	0	0	0	1	0	0	0	0
779.jpg	0	0	0	0	1	0	0	0	0
788.jpg	0	0	0	0	1	0	0	0	0
792.jpg	0	0	0	0	1	0	0	0	0
794.jpg	0	0	0	0	1	0	0	0	0
795.jpg	0	0	0	0	1	0	0	0	0
796.jpg	0	0	0	0	1	0	0	0	0
797.jpg	0	0	0	0	1	0	0	0	0
805.jpg	0	0	0	0	1	0	0	0	0
807.jpg	0	0	0	0	1	0	0	0	0
808.jpg	0	0	0	0	1	0	0	0	0
809.jpg	0	0	0	0	1	0	0	0	0
820.jpg	0	0	0	0	1	0	0	0	0
828.jpg	0	0	0	0	1	0	0	0	0
831.jpg	0	0	0	0	1	0	0	0	0
832.jpg	0	0	0	0	1	0	0	0	0
838.jpg	0	0	0	0	1	0	0	0	0
843.jpg	0	0	0	0	1	0	0	0	0
845.jpg	0	0	0	0	1	0	0	0	0
846.jpg	0	0	0	0	1	0	0	0	0
855.jpg	0	0	0	0	1	0	0	0	0
857.jpg	0	0	0	0	1	0	0	0	0
860.jpg	0	0	0	0	1	0	0	0	0
861.jpg	0	0	0	0	1	0	0	0	0
863.jpg	0	0	0	0	1	0	0	0	0
864.jpg	0	0	0	0	1	0	0	0	0
867.jpg	0	0	0	0	1	0	0	0	0
868.jpg	0	0	0	0	1	0	0	0	0
878.jpg	0	0	0	0	1	0	0	0	0
879.jpg	0	0	0	0	1	0	0	0	0
881.jpg	0	0	0	0	1	0	0	0	0
883.jpg	0	0	0	0	1	0	0	0	0
884.jpg	0	0	0	0	1	0	0	0	0
887.jpg	0	0	0	0	1	0	0	0	0
895.jpg	0	0	0	0	1	0	0	0	0
897.jpg	0	0	0	0	1	0	0	0	0
898.jpg	0	0	0	0	1	0	0	0	0
900.jpg	0	1	0	0	1	0	0	0	0
901.jpg	0	1	0	0	1	0	0	0	0
908.jpg	0	0	0	0	1	0	0	0	0
910.jpg	0	0	0	0	1	0	0	0	0
914.jpg	0	0	0	0	1	0	0	0	0
915.jpg	0	0	0	0	1	0	0	0	0
923.jpg	0	0	0	0	1	0	0	0	0
927.jpg	0	0	0	0	1	0	0	0	0
928.jpg	0	0	0	0	1	0	0	0	0
930.jpg	0	0	0	0	1	0	0	0	0
931.jpg	0	0	0	0	1	0	0	0	0
932.jpg	0	0	0	0	1	0	0	0	0
938.jpg	0	0	0	0	1	0	0	0	0
939.jpg	0	0	0	0	1	0	0	0	0
948.jpg	0	0	0	0	1	0	0	0	0
950.jpg	0	0	0	0	1	0	0	0	0
952.jpg	0	0	0	0	1	0	0	0	0
954.jpg	0	0	0	0	1	0	0	0	0
956.jpg	0	1	0	0	1	0	0	0	0
960.jpg	0	0	0	0	1	0	0	0	0
962.jpg	0	0	0	0	1	0	0	0	0
981.jpg	0	0	0	0	1	0	0	0	0
985.jpg	0	1	0	0	1	0	0	0	0
1011.jpg	0	0	0	0	1	0	0	0	0
1012.jpg	0	0	0	0	1	0	0	0	0
1014.jpg	0	0	0	0	1	0	0	0	0
1017.jpg	0	0	0	0	1	0	0	0	0
1018.jpg	0	0	0	0	1	0	0	0	0
1019.jpg	0	0	0	0	1	0	0	0	0
1024.jpg	0	0	0	0	1	0	0	0	0
1036.jpg	0	0	0	0	1	0	0	0	0
1040.jpg	0	0	0	0	1	0	0	0	0
1050.jpg	0	0	0	0	1	0	0	0	0
1051.jpg	0	0	0	0	1	0	0	0	0
1055.jpg	0	0	0	0	1	0	0	0	0
1071.jpg	0	0	0	0	1	0	0	0	0
1087.jpg	0	0	0	0	1	0	0	0	0
1103.jpg	0	0	0	0	1	0	0	0	0
1111.jpg	0	0	0	0	1	0	0	0	0
1112.jpg	0	0	0	0	1	0	0	0	0
1201.jpg	0	1	0	0	1	0	0	0	0
1223.jpg	0	0	0	0	1	0	0	0	0
1224.jpg	0	1	0	0	1	0	0	0	0
1225.jpg	0	0	0	0	1	0	0	0	0
1237.jpg	0	0	0	0	1	0	0	0	0
1258.jpg	0	0	0	0	1	0	0	0	0
1266.jpg	0	0	0	0	1	0	0	0	0
1280.jpg	0	0	0	0	1	0	0	0	0
1282.jpg	0	0	0	0	1	0	0	0	0
1283.jpg	0	0	0	0	1	0	0	0	0
1286.jpg	0	0	0	0	1	0	0	0	0
1311.jpg	0	0	0	0	1	0	0	0	0
1333.jpg	0	0	0	0	1	0	0	0	0
1335.jpg	0	0	0	0	1	0	0	0	0
1336.jpg	0	0	0	0	1	0	0	0	0
1345.jpg	0	0	0	0	1	0	0	0	0
1346.jpg	0	0	0	0	1	0	0	0	0
1347.jpg	0	0	0	0	1	0	0	0	0
1349.jpg	0	0	0	0	1	0	0	0	0
1362.jpg	0	0	0	0	1	0	0	0	0
1404.jpg	0	0	0	0	1	0	0	0	0
1509.jpg	0	0	0	0	1	0	0	0	0
1511.jpg	0	0	0	0	1	0	0	0	0
1531.jpg	0	0	0	0	1	0	0	0	0
1602.jpg	0	0	0	0	1	0	0	0	0
1605.jpg	0	0	0	0	1	0	0	0	0
1616.jpg	0	0	0	0	1	0	0	0	0
1618.jpg	0	0	0	0	1	0	0	0	0
1629.jpg	0	0	0	0	1	0	0	0	0
1637.jpg	0	0	0	0	1	0	0	0	0
1654.jpg	0	0	0	0	1	0	0	0	0
1667.jpg	0	0	0	0	1	0	0	0	0
1674.jpg	0	0	0	0	1	0	0	0	0
1679.jpg	0	0	0	0	1	0	0	0	0
1681.jpg	0	0	0	0	1	0	0	0	0
1720.jpg	0	0	0	0	1	0	0	0	0
1730.jpg	0	0	0	0	1	0	0	0	0
1748.jpg	0	0	0	0	1	0	0	0	0
1772.jpg	0	0	0	0	1	0	0	0	0
1779.jpg	0	0	0	0	1	0	0	0	0
1780.jpg	0	0	0	0	1	0	0	0	0
1795.jpg	0	0	0	0	1	0	0	0	0
1813.jpg	0	0	0	0	1	0	0	0	0
1819.jpg	0	0	0	0	1	0	0	0	0
1821.jpg	0	0	0	0	1	0	0	0	0
1837.jpg	0	0	0	0	1	0	0	0	0
1838.jpg	0	0	0	0	1	0	0	0	0
1843.jpg	0	0	0	0	1	0	0	0	0
1845.jpg	0	0	0	0	1	0	0	0	0
1847.jpg	0	0	0	0	1	0	0	0	0
1871.jpg	0	0	0	0	1	0	0	0	0
1876.jpg	0	0	0	0	1	0	0	0	0
1879.jpg	0	0	0	0	1	0	0	0	0
1883.jpg	0	0	0	0	1	0	0	0	0
1919.jpg	0	0	0	0	1	0	0	0	0
1921.jpg	0	0	0	0	1	0	0	0	0
1922.jpg	0	1	0	0	1	0	0	0	0
1925.jpg	0	0	0	0	1	0	0	0	0
1934.jpg	0	0	0	0	1	0	0	0	0
1936.jpg	0	0	0	0	1	0	0	0	0
1980.jpg	0	0	0	0	1	0	0	0	0
1994.jpg	0	0	0	0	1	0	0	0	0
2043.jpg	0	0	0	0	1	0	0	0	0
2155.jpg	0	0	0	0	1	0	0	0	0
2157.jpg	0	0	0	0	1	0	0	0	0
2159.jpg	0	0	0	0	1	0	0	0	0
2197.jpg	0	0	0	0	1	0	0	0	0
2255.jpg	0	0	0	0	1	0	0	0	0
2256.jpg	0	0	0	0	1	0	0	0	0
2257.jpg	0	0	0	0	1	0	0	0	0
2258.jpg	0	0	0	0	1	0	0	0	0
2259.jpg	0	0	0	0	1	0	0	0	0
2262.jpg	0	0	0	0	1	0	0	0	0
2298.jpg	0	0	0	0	1	0	0	0	0
2359.jpg	0	0	0	0	1	0	0	0	0
2399.jpg	0	1	0	0	1	0	0	0	0
2400.jpg	0	1	0	0	1	0	0	0	0
2402.jpg	0	1	0	0	1	0	0	0	0
2406.jpg	0	1	0	0	1	0	0	0	0
2407.jpg	0	0	0	0	1	0	0	0	0
2408.jpg	0	0	0	0	1	0	0	0	0
2529.jpg	0	0	0	1	1	0	0	0	0
2572.jpg	0	0	0	0	1	0	0	0	0
2592.jpg	0	0	0	0	1	0	0	0	0
2595.jpg	0	0	0	0	1	0	0	0	0
2605.jpg	0	0	0	0	1	0	0	0	0
2615.jpg	0	0	0	0	1	0	0	0	0
2636.jpg	0	0	0	0	1	0	0	0	0
2641.jpg	0	0	0	1	1	0	0	0	0
2643.jpg	0	0	0	0	1	0	0	0	0
2648.jpg	0	0	0	0	1	0	0	0	0
2651.jpg	0	0	0	0	1	0	0	0	0
2653.jpg	0	0	0	0	1	0	0	0	0
2656.jpg	0	0	0	0	1	0	0	0	0
2657.jpg	0	0	0	0	1	0	0	0	0
2660.jpg	0	0	0	0	1	0	0	0	0
2663.jpg	0	0	0	0	1	0	0	0	0
2664.jpg	0	0	0	0	1	0	0	0	0
2666.jpg	0	0	0	0	1	0	0	0	0
2671.jpg	0	0	0	0	1	0	0	0	0
2674.jpg	0	0	0	0	1	0	0	0	0
2676.jpg	0	0	0	0	1	0	0	0	0
2679.jpg	0	0	0	0	1	0	0	0	0
2680.jpg	0	0	0	0	1	0	0	0	0
2681.jpg	0	0	0	1	1	0	0	0	0
2684.jpg	0	0	0	0	1	0	0	0	0
2688.jpg	0	0	0	0	1	0	0	0	0
2689.jpg	0	0	0	0	1	0	0	0	0
2691.jpg	0	0	0	0	1	0	0	0	0
2692.jpg	0	0	0	1	1	0	0	0	0
2695.jpg	0	0	0	0	1	0	0	0	0
2696.jpg	0	0	0	0	1	0	0	0	0
2736.jpg	0	0	0	0	1	0	0	0	0
2737.jpg	0	0	0	0	1	0	0	0	0
2740.jpg	0	0	0	0	1	0	0	0	0
2750.jpg	0	0	0	0	1	0	0	0	0
2762.jpg	0	0	0	0	1	0	0	0	0
2763.jpg	0	0	0	0	1	0	0	0	0
2767.jpg	0	0	0	0	1	0	0	0	0
2768.jpg	0	0	0	0	1	0	0	0	0
2771.jpg	0	0	0	0	1	0	0	0	0
2773.jpg	0	0	0	0	1	0	0	0	0
2789.jpg	0	0	0	0	1	0	0	0	0
2794.jpg	0	0	0	0	1	0	0	0	0
2795.jpg	0	0	0	0	1	0	0	0	0
2817.jpg	0	0	0	0	1	0	0	0	0
2827.jpg	0	0	0	0	1	0	0	0	0
2833.jpg	0	0	0	0	1	0	0	0	0
2837.jpg	0	1	0	0	1	0	0	0	0
2838.jpg	0	1	0	0	1	0	0	0	0
2883.jpg	0	0	0	0	1	0	0	0	0
