288.jpg	1	0	0	0	0	0	0	0	0
2781.jpg	1	0	0	0	0	0	0	0	0
2253.jpg	1	0	0	0	0	0	0	0	0
2243.jpg	1	0	0	0	0	0	0	0	0
236.jpg	1	0	0	0	0	0	0	0	0
1354.jpg	1	0	0	0	0	0	0	0	0
1084.jpg	1	0	0	0	0	0	0	0	0
1820.jpg	1	0	0	0	0	0	0	0	0
137.jpg	1	0	0	0	0	0	0	0	0
1016.jpg	1	0	0	0	0	0	0	0	0
582.jpg	1	0	0	0	0	0	0	0	0
1754.jpg	1	0	0	0	0	0	0	0	0
1414.jpg	1	0	0	0	0	0	0	0	0
1778.jpg	1	0	0	0	0	0	0	0	0
111.jpg	1	0	0	0	0	0	0	0	0
1970.jpg	1	0	0	0	0	0	0	0	0
2815.jpg	1	0	0	0	0	0	0	0	0
1956.jpg	1	0	0	0	0	0	0	0	0
44.jpg	1	0	0	0	0	0	0	0	0
2868.jpg	1	0	0	0	0	0	0	0	0
2793.jpg	1	0	0	0	0	0	0	0	0
1401.jpg	1	0	0	0	0	0	0	0	0
1166.jpg	1	0	0	0	0	0	0	0	0
322.jpg	1	0	0	0	0	0	0	0	0
2206.jpg	1	0	0	0	0	0	0	0	0
1252.jpg	1	0	0	0	0	0	0	0	0
1219.jpg	1	0	0	0	0	0	0	0	0
2807.jpg	1	0	0	0	0	0	0	0	0
2131.jpg	1	0	0	0	0	0	0	0	0
1939.jpg	1	0	0	0	0	0	0	0	0
1495.jpg	1	0	0	0	0	0	0	0	0
1639.jpg	1	0	0	0	0	0	0	0	0
2189.jpg	1	0	0	0	0	0	0	0	0
2250.jpg	1	0	0	0	0	0	0	0	0
1157.jpg	1	0	0	0	0	0	0	0	0
1399.jpg	1	0	0	0	0	0	0	0	0
1669.jpg	1	0	0	0	0	0	0	0	0
1557.jpg	1	0	0	0	0	0	0	0	0
2885.jpg	1	0	0	0	0	0	0	0	0
21.jpg	1	0	0	0	0	0	0	0	0
1064.jpg	1	0	0	0	0	0	0	0	0
1058.jpg	1	0	0	0	0	0	0	0	0
2784.jpg	1	0	0	0	0	0	0	0	0
482.jpg	1	0	0	0	0	0	0	0	0
2025.jpg	1	0	0	0	0	0	0	0	0
2749.jpg	1	0	0	0	0	0	0	0	0
2225.jpg	1	0	0	0	0	0	0	0	0
1951.jpg	1	0	0	0	0	0	0	0	0
2223.jpg	1	0	0	0	0	0	0	0	0
2568.jpg	1	0	0	0	0	0	0	0	0
2014.jpg	1	0	0	0	0	0	0	0	0
221.jpg	1	0	0	0	0	0	0	0	0
99.jpg	1	0	0	0	0	0	0	0	0
1434.jpg	1	0	0	0	0	0	0	0	0
1073.jpg	1	0	0	0	0	0	0	0	0
304.jpg	1	0	0	0	0	0	0	0	0
1644.jpg	1	0	0	0	0	0	0	0	0
1671.jpg	1	0	0	0	0	0	0	0	0
409.jpg	1	0	0	0	0	0	0	0	0
2168.jpg	1	0	0	0	0	0	0	0	0
1144.jpg	1	0	0	0	0	0	0	0	0
1441.jpg	1	0	0	0	0	0	0	0	0
1192.jpg	1	0	0	0	0	0	0	0	0
1233.jpg	1	0	0	0	0	0	0	0	0
1239.jpg	1	0	0	0	0	0	0	0	0
257.jpg	1	0	0	0	0	0	0	0	0
2848.jpg	1	0	0	0	0	0	0	0	0
852.jpg	1	0	0	0	0	0	0	0	0
237.jpg	1	0	0	0	0	0	0	0	0
314.jpg	1	0	0	0	0	0	0	0	0
2012.jpg	1	0	0	0	0	0	0	0	0
1683.jpg	1	0	0	0	0	0	0	0	0
2263.jpg	1	0	0	0	0	0	0	0	0
362.jpg	1	0	0	0	0	0	0	0	0
2561.jpg	1	0	0	0	0	0	0	0	0
1227.jpg	1	0	0	0	0	0	0	0	0
1458.jpg	1	0	0	0	0	0	0	0	0
1222.jpg	1	0	0	0	0	0	0	0	0
196.jpg	1	0	0	0	0	0	0	0	0
1676.jpg	1	0	0	0	0	0	0	0	0
1188.jpg	1	0	0	0	0	0	0	0	0
2846.jpg	1	0	0	0	0	0	0	0	0
2865.jpg	1	0	0	0	0	0	0	0	0
2172.jpg	1	0	0	0	0	0	0	0	0
1496.jpg	1	0	0	0	0	0	0	0	0
1295.jpg	1	0	0	0	0	0	0	0	0
1751.jpg	1	0	0	0	0	0	0	0	0
2274.jpg	1	0	0	0	0	0	0	0	0
2031.jpg	1	0	0	0	0	0	0	0	0
1862.jpg	1	0	0	0	0	0	0	0	0
231.jpg	1	0	0	0	0	0	0	0	0
2887.jpg	1	0	0	0	0	0	0	0	0
1762.jpg	1	0	0	0	0	0	0	0	0
2924.jpg	1	0	0	0	0	0	0	0	0
1500.jpg	1	0	0	0	0	0	0	0	0
1508.jpg	1	0	0	0	0	0	0	0	0
373.jpg	1	0	0	0	0	0	0	0	0
2824.jpg	1	0	0	0	0	0	0	0	0
275.jpg	1	0	0	0	0	0	0	0	0
1998.jpg	1	0	0	0	0	0	0	0	0
141.jpg	1	0	0	0	0	0	0	0	0
1365.jpg	1	0	0	0	0	0	0	0	0
2214.jpg	1	0	0	0	0	0	0	0	0
2203.jpg	1	0	0	0	0	0	0	0	0
2008.jpg	1	0	0	0	0	0	0	0	0
386.jpg	1	0	0	0	0	0	0	0	0
1053.jpg	1	0	0	0	0	0	0	0	0
159.jpg	1	0	0	0	0	0	0	0	0
1685.jpg	1	0	0	0	0	0	0	0	0
2165.jpg	1	0	0	0	0	0	0	0	0
2758.jpg	1	0	0	0	0	0	0	0	0
1587.jpg	1	0	0	0	0	0	0	0	0
1771.jpg	1	0	0	0	0	0	0	0	0
131.jpg	1	0	0	0	0	0	0	0	0
1961.jpg	1	0	0	0	0	0	0	0	0
1494.jpg	1	0	0	0	0	0	0	0	0
2234.jpg	1	0	0	0	0	0	0	0	0
1334.jpg	1	0	0	0	0	0	0	0	0
573.jpg	1	0	0	0	0	0	0	0	0
2261.jpg	1	0	0	0	0	0	0	0	0
1576.jpg	1	0	0	0	0	0	0	0	0
166.jpg	1	0	0	0	0	0	0	0	0
1991.jpg	1	0	0	0	0	0	0	0	0
2024.jpg	1	0	0	0	0	0	0	0	0
2922.jpg	1	0	0	0	0	0	0	0	0
2810.jpg	1	0	0	0	0	0	0	0	0
2889.jpg	1	0	0	0	0	0	0	0	0
1057.jpg	1	0	0	0	0	0	0	0	0
2265.jpg	1	0	0	0	0	0	0	0	0
2895.jpg	1	0	0	0	0	0	0	0	0
360.jpg	1	0	0	0	0	0	0	0	0
1596.jpg	1	0	0	0	0	0	0	0	0
1995.jpg	1	0	0	0	0	0	0	0	0
1650.jpg	1	0	0	0	0	0	0	0	0
1865.jpg	1	0	0	0	0	0	0	0	0
2118.jpg	1	0	0	0	0	0	0	0	0
211.jpg	1	0	0	0	0	0	0	0	0
389.jpg	1	0	0	0	0	0	0	0	0
1850.jpg	1	0	0	0	0	0	0	0	0
1072.jpg	1	0	0	0	0	0	0	0	0
2757.jpg	1	0	0	0	0	0	0	0	0
1648.jpg	1	0	0	0	0	0	0	0	0
132.jpg	1	0	0	0	0	0	0	0	0
1890.jpg	1	0	0	0	0	0	0	0	0
1268.jpg	1	0	0	0	0	0	0	0	0
2291.jpg	1	0	0	0	0	0	0	0	0
1491.jpg	1	0	0	0	0	0	0	0	0
1170.jpg	1	0	0	0	0	0	0	0	0
1728.jpg	1	0	0	0	0	0	0	0	0
2150.jpg	1	0	0	0	0	0	0	0	0
1075.jpg	1	0	0	0	0	0	0	0	0
1102.jpg	1	0	0	0	0	0	0	0	0
2147.jpg	1	0	0	0	0	0	0	0	0
218.jpg	1	0	0	0	0	0	0	0	0
1782.jpg	1	0	0	0	0	0	0	0	0
1992.jpg	1	0	0	0	0	0	0	0	0
1097.jpg	1	0	0	0	0	0	0	0	0
1078.jpg	1	0	0	0	0	0	0	0	0
1386.jpg	1	0	0	0	0	0	0	0	0
6.jpg	1	0	0	0	0	0	0	0	0
1651.jpg	1	0	0	0	0	0	0	0	0
2742.jpg	1	0	0	0	0	0	0	0	0
1251.jpg	1	0	0	0	0	0	0	0	0
298.jpg	1	0	0	0	0	0	0	0	0
108.jpg	1	0	0	0	0	0	0	0	0
415.jpg	1	0	0	0	0	0	0	0	0
1664.jpg	1	0	0	0	0	0	0	0	0
2067.jpg	1	0	0	0	0	0	0	0	0
2900.jpg	1	0	0	0	0	0	0	0	0
1668.jpg	1	0	0	0	0	0	0	0	0
101.jpg	1	0	0	0	0	0	0	0	0
64.jpg	1	0	0	0	0	0	0	0	0
71.jpg	1	0	0	0	0	0	0	0	0
1867.jpg	1	0	0	0	0	0	0	0	0
232.jpg	1	0	0	0	0	0	0	0	0
1408.jpg	1	0	0	0	0	0	0	0	0
1021.jpg	1	0	0	0	0	0	0	0	0
1389.jpg	1	0	0	0	0	0	0	0	0
2254.jpg	1	0	0	0	0	0	0	0	0
1281.jpg	1	0	0	0	0	0	0	0	0
1147.jpg	1	0	0	0	0	0	0	0	0
2079.jpg	1	0	0	0	0	0	0	0	0
1407.jpg	1	0	0	0	0	0	0	0	0
1758.jpg	1	0	0	0	0	0	0	0	0
907.jpg	1	0	0	0	0	0	0	0	0
1574.jpg	1	0	0	0	0	0	0	0	0
265.jpg	1	0	0	0	0	0	0	0	0
2279.jpg	1	0	0	0	0	0	0	0	0
1875.jpg	1	0	0	0	0	0	0	0	0
2882.jpg	1	0	0	0	0	0	0	0	0
432.jpg	1	0	0	0	0	0	0	0	0
997.jpg	1	0	0	0	0	0	0	0	0
1749.jpg	1	0	0	0	0	0	0	0	0
816.jpg	1	0	0	0	0	0	0	0	0
2550.jpg	1	0	0	0	0	0	0	0	0
2042.jpg	1	0	0	0	0	0	0	0	0
359.jpg	1	0	0	0	0	0	0	0	0
54.jpg	1	0	0	0	0	0	0	0	0
858.jpg	1	0	0	0	0	0	0	0	0
244.jpg	1	0	0	0	0	0	0	0	0
2920.jpg	1	0	0	0	0	0	0	0	0
2886.jpg	1	0	0	0	0	0	0	0	0
1194.jpg	1	0	0	0	0	0	0	0	0
156.jpg	1	0	0	0	0	0	0	0	0
2830.jpg	1	0	0	0	0	0	0	0	0
1580.jpg	1	0	0	0	0	0	0	0	0
63.jpg	1	0	0	0	0	0	0	0	0
2072.jpg	1	0	0	0	0	0	0	0	0
2087.jpg	1	0	0	0	0	0	0	0	0
2075.jpg	1	0	0	0	0	0	0	0	0
1547.jpg	1	0	0	0	0	0	0	0	0
126.jpg	1	0	0	0	0	0	0	0	0
285.jpg	1	0	0	0	0	0	0	0	0
200.jpg	1	0	0	0	0	0	0	0	0
392.jpg	1	0	0	0	0	0	0	0	0
1966.jpg	1	0	0	0	0	0	0	0	0
168.jpg	1	0	0	0	0	0	0	0	0
310.jpg	1	0	0	0	0	0	0	0	0
1727.jpg	1	0	0	0	0	0	0	0	0
1603.jpg	1	0	0	0	0	0	0	0	0
1116.jpg	1	0	0	0	0	0	0	0	0
1765.jpg	1	0	0	0	0	0	0	0	0
337.jpg	1	0	0	0	0	0	0	0	0
75.jpg	1	0	0	0	0	0	0	0	0
1246.jpg	1	0	0	0	0	0	0	0	0
238.jpg	1	0	0	0	0	0	0	0	0
1682.jpg	1	0	0	0	0	0	0	0	0
149.jpg	1	0	0	0	0	0	0	0	0
979.jpg	1	0	0	0	0	0	0	0	0
2018.jpg	1	0	0	0	0	0	0	0	0
138.jpg	1	0	0	0	0	0	0	0	0
1417.jpg	1	0	0	0	0	0	0	0	0
1942.jpg	1	0	0	0	0	0	0	0	0
1450.jpg	1	0	0	0	0	0	0	0	0
2873.jpg	1	0	0	0	0	0	0	0	0
2881.jpg	1	0	0	0	0	0	0	0	0
2266.jpg	1	0	0	0	0	0	0	0	0
86.jpg	1	0	0	0	0	0	0	0	0
2286.jpg	1	0	0	0	0	0	0	0	0
1285.jpg	1	0	0	0	0	0	0	0	0
2774.jpg	1	0	0	0	0	0	0	0	0
2460.jpg	1	0	0	0	0	0	0	0	0
1910.jpg	1	0	0	0	0	0	0	0	0
2721.jpg	1	0	0	0	0	0	0	0	0
1370.jpg	1	0	0	0	0	0	0	0	0
130.jpg	1	0	0	0	0	0	0	0	0
2251.jpg	1	0	0	0	0	0	0	0	0
1801.jpg	1	0	0	0	0	0	0	0	0
1220.jpg	1	0	0	0	0	0	0	0	0
2711.jpg	1	0	0	0	0	0	0	0	0
1005.jpg	1	0	0	0	0	0	0	0	0
170.jpg	1	0	0	0	0	0	0	0	0
1272.jpg	1	0	0	0	0	0	0	0	0
1187.jpg	1	0	0	0	0	0	0	0	0
2080.jpg	1	0	0	0	0	0	0	0	0
1578.jpg	1	0	0	0	0	0	0	0	0
1261.jpg	1	0	0	0	0	0	0	0	0
2005.jpg	1	0	0	0	0	0	0	0	0
408.jpg	1	0	0	0	0	0	0	0	0
1288.jpg	1	0	0	0	0	0	0	0	0
1735.jpg	1	0	0	0	0	0	0	0	0
2128.jpg	1	0	0	0	0	0	0	0	0
2162.jpg	1	0	0	0	0	0	0	0	0
379.jpg	1	0	0	0	0	0	0	0	0
1723.jpg	1	0	0	0	0	0	0	0	0
2921.jpg	1	0	0	0	0	0	0	0	0
1255.jpg	1	0	0	0	0	0	0	0	0
2177.jpg	1	0	0	0	0	0	0	0	0
1165.jpg	1	0	0	0	0	0	0	0	0
273.jpg	1	0	0	0	0	0	0	0	0
106.jpg	1	0	0	0	0	0	0	0	0
90.jpg	1	0	0	0	0	0	0	0	0
1341.jpg	1	0	0	0	0	0	0	0	0
1794.jpg	1	0	0	0	0	0	0	0	0
2707.jpg	1	0	0	0	0	0	0	0	0
1380.jpg	1	0	0	0	0	0	0	0	0
1628.jpg	1	0	0	0	0	0	0	0	0
2713.jpg	1	0	0	0	0	0	0	0	0
1878.jpg	1	0	0	0	0	0	0	0	0
1663.jpg	1	0	0	0	0	0	0	0	0
2849.jpg	1	0	0	0	0	0	0	0	0
1028.jpg	1	0	0	0	0	0	0	0	0
1854.jpg	1	0	0	0	0	0	0	0	0
1199.jpg	1	0	0	0	0	0	0	0	0
12.jpg	1	0	0	0	0	0	0	0	0
553.jpg	1	0	0	0	0	0	0	0	0
2088.jpg	1	0	0	0	0	0	0	0	0
464.jpg	1	0	0	0	0	0	0	0	0
2470.jpg	1	0	0	0	0	0	0	0	0
2242.jpg	1	0	0	0	0	0	0	0	0
2239.jpg	1	0	0	0	0	0	0	0	0
1134.jpg	1	0	0	0	0	0	0	0	0
334.jpg	1	0	0	0	0	0	0	0	0
1790.jpg	1	0	0	0	0	0	0	0	0
1643.jpg	1	0	0	0	0	0	0	0	0
2151.jpg	1	0	0	0	0	0	0	0	0
1873.jpg	1	0	0	0	0	0	0	0	0
53.jpg	1	0	0	0	0	0	0	0	0
1025.jpg	1	0	0	0	0	0	0	0	0
1291.jpg	1	0	0	0	0	0	0	0	0
2052.jpg	1	0	0	0	0	0	0	0	0
1640.jpg	1	0	0	0	0	0	0	0	0
2065.jpg	1	0	0	0	0	0	0	0	0
1645.jpg	1	0	0	0	0	0	0	0	0
2179.jpg	1	0	0	0	0	0	0	0	0
2514.jpg	1	0	0	0	0	0	0	0	0
1917.jpg	1	0	0	0	0	0	0	0	0
1694.jpg	1	0	0	0	0	0	0	0	0
1861.jpg	1	0	0	0	0	0	0	0	0
2769.jpg	1	0	0	0	0	0	0	0	0
1383.jpg	1	0	0	0	0	0	0	0	0
249.jpg	1	0	0	0	0	0	0	0	0
39.jpg	1	0	0	0	0	0	0	0	0
2188.jpg	1	0	0	0	0	0	0	0	0
2842.jpg	1	0	0	0	0	0	0	0	0
1642.jpg	1	0	0	0	0	0	0	0	0
1525.jpg	1	0	0	0	0	0	0	0	0
1046.jpg	1	0	0	0	0	0	0	0	0
225.jpg	1	0	0	0	0	0	0	0	0
1926.jpg	1	0	0	0	0	0	0	0	0
50.jpg	1	0	0	0	0	0	0	0	0
2198.jpg	1	0	0	0	0	0	0	0	0
2755.jpg	1	0	0	0	0	0	0	0	0
1376.jpg	1	0	0	0	0	0	0	0	0
2099.jpg	1	0	0	0	0	0	0	0	0
1359.jpg	1	0	0	0	0	0	0	0	0
1505.jpg	1	0	0	0	0	0	0	0	0
185.jpg	1	0	0	0	0	0	0	0	0
383.jpg	1	0	0	0	0	0	0	0	0
1695.jpg	1	0	0	0	0	0	0	0	0
2073.jpg	1	0	0	0	0	0	0	0	0
395.jpg	1	0	0	0	0	0	0	0	0
2859.jpg	1	0	0	0	0	0	0	0	0
1214.jpg	1	0	0	0	0	0	0	0	0
2009.jpg	1	0	0	0	0	0	0	0	0
1456.jpg	1	0	0	0	0	0	0	0	0
1428.jpg	1	0	0	0	0	0	0	0	0
1464.jpg	1	0	0	0	0	0	0	0	0
1609.jpg	1	0	0	0	0	0	0	0	0
20.jpg	1	0	0	0	0	0	0	0	0
204.jpg	1	0	0	0	0	0	0	0	0
1119.jpg	1	0	0	0	0	0	0	0	0
1209.jpg	1	0	0	0	0	0	0	0	0
1088.jpg	1	0	0	0	0	0	0	0	0
61.jpg	1	0	0	0	0	0	0	0	0
2766.jpg	1	0	0	0	0	0	0	0	0
1806.jpg	1	0	0	0	0	0	0	0	0
2236.jpg	1	0	0	0	0	0	0	0	0
1589.jpg	1	0	0	0	0	0	0	0	0
1330.jpg	1	0	0	0	0	0	0	0	0
55.jpg	1	0	0	0	0	0	0	0	0
2709.jpg	1	0	0	0	0	0	0	0	0
2085.jpg	1	0	0	0	0	0	0	0	0
1868.jpg	1	0	0	0	0	0	0	0	0
2855.jpg	1	0	0	0	0	0	0	0	0
1522.jpg	1	0	0	0	0	0	0	0	0
1300.jpg	1	0	0	0	0	0	0	0	0
2057.jpg	1	0	0	0	0	0	0	0	0
2910.jpg	1	0	0	0	0	0	0	0	0
508.jpg	1	0	0	0	0	0	0	0	0
1241.jpg	1	0	0	0	0	0	0	0	0
781.jpg	1	0	0	0	0	0	0	0	0
1545.jpg	1	0	0	0	0	0	0	0	0
1621.jpg	1	0	0	0	0	0	0	0	0
2122.jpg	1	0	0	0	0	0	0	0	0
1322.jpg	1	0	0	0	0	0	0	0	0
1418.jpg	1	0	0	0	0	0	0	0	0
2000.jpg	1	0	0	0	0	0	0	0	0
1238.jpg	1	0	0	0	0	0	0	0	0
511.jpg	1	0	0	0	0	0	0	0	0
1766.jpg	1	0	0	0	0	0	0	0	0
2141.jpg	1	0	0	0	0	0	0	0	0
1177.jpg	1	0	0	0	0	0	0	0	0
72.jpg	1	0	0	0	0	0	0	0	0
73.jpg	1	0	0	0	0	0	0	0	0
1863.jpg	1	0	0	0	0	0	0	0	0
2465.jpg	1	0	0	0	0	0	0	0	0
1095.jpg	1	0	0	0	0	0	0	0	0
321.jpg	1	0	0	0	0	0	0	0	0
1962.jpg	1	0	0	0	0	0	0	0	0
1857.jpg	1	0	0	0	0	0	0	0	0
1031.jpg	1	0	0	0	0	0	0	0	0
1100.jpg	1	0	0	0	0	0	0	0	0
1549.jpg	1	0	0	0	0	0	0	0	0
570.jpg	1	0	0	0	0	0	0	0	0
1514.jpg	1	0	0	0	0	0	0	0	0
2801.jpg	1	0	0	0	0	0	0	0	0
2167.jpg	1	0	0	0	0	0	0	0	0
2156.jpg	1	0	0	0	0	0	0	0	0
162.jpg	1	0	0	0	0	0	0	0	0
1395.jpg	1	0	0	0	0	0	0	0	0
32.jpg	1	0	0	0	0	0	0	0	0
1406.jpg	1	0	0	0	0	0	0	0	0
1691.jpg	1	0	0	0	0	0	0	0	0
1044.jpg	1	0	0	0	0	0	0	0	0
1887.jpg	1	0	0	0	0	0	0	0	0
1503.jpg	1	0	0	0	0	0	0	0	0
66.jpg	1	0	0	0	0	0	0	0	0
1784.jpg	1	0	0	0	0	0	0	0	0
1583.jpg	1	0	0	0	0	0	0	0	0
1277.jpg	1	0	0	0	0	0	0	0	0
308.jpg	1	0	0	0	0	0	0	0	0
2074.jpg	1	0	0	0	0	0	0	0	0
60.jpg	1	0	0	0	0	0	0	0	0
107.jpg	1	0	0	0	0	0	0	0	0
1521.jpg	1	0	0	0	0	0	0	0	0
49.jpg	1	0	0	0	0	0	0	0	0
1855.jpg	1	0	0	0	0	0	0	0	0
157.jpg	1	0	0	0	0	0	0	0	0
1435.jpg	1	0	0	0	0	0	0	0	0
1893.jpg	1	0	0	0	0	0	0	0	0
1381.jpg	1	0	0	0	0	0	0	0	0
1173.jpg	1	0	0	0	0	0	0	0	0
2183.jpg	1	0	0	0	0	0	0	0	0
1296.jpg	1	0	0	0	0	0	0	0	0
187.jpg	1	0	0	0	0	0	0	0	0
1718.jpg	1	0	0	0	0	0	0	0	0
495.jpg	1	0	0	0	0	0	0	0	0
177.jpg	1	0	0	0	0	0	0	0	0
1655.jpg	1	0	0	0	0	0	0	0	0
1996.jpg	1	0	0	0	0	0	0	0	0
1750.jpg	1	0	0	0	0	0	0	0	0
343.jpg	1	0	0	0	0	0	0	0	0
2136.jpg	1	0	0	0	0	0	0	0	0
525.jpg	1	0	0	0	0	0	0	0	0
1586.jpg	1	0	0	0	0	0	0	0	0
1768.jpg	1	0	0	0	0	0	0	0	0
45.jpg	1	0	0	0	0	0	0	0	0
84.jpg	1	0	0	0	0	0	0	0	0
121.jpg	1	0	0	0	0	0	0	0	0
2235.jpg	1	0	0	0	0	0	0	0	0
2190.jpg	1	0	0	0	0	0	0	0	0
1352.jpg	1	0	0	0	0	0	0	0	0
203.jpg	1	0	0	0	0	0	0	0	0
2230.jpg	1	0	0	0	0	0	0	0	0
1931.jpg	1	0	0	0	0	0	0	0	0
1439.jpg	1	0	0	0	0	0	0	0	0
2041.jpg	1	0	0	0	0	0	0	0	0
24.jpg	1	0	0	0	0	0	0	0	0
1627.jpg	1	0	0	0	0	0	0	0	0
1313.jpg	1	0	0	0	0	0	0	0	0
2879.jpg	1	0	0	0	0	0	0	0	0
1527.jpg	1	0	0	0	0	0	0	0	0
2897.jpg	1	0	0	0	0	0	0	0	0
1180.jpg	1	0	0	0	0	0	0	0	0
164.jpg	1	0	0	0	0	0	0	0	0
2890.jpg	1	0	0	0	0	0	0	0	0
88.jpg	1	0	0	0	0	0	0	0	0
1885.jpg	1	0	0	0	0	0	0	0	0
2054.jpg	1	0	0	0	0	0	0	0	0
1314.jpg	1	0	0	0	0	0	0	0	0
1986.jpg	1	0	0	0	0	0	0	0	0
1697.jpg	1	0	0	0	0	0	0	0	0
1518.jpg	1	0	0	0	0	0	0	0	0
1136.jpg	1	0	0	0	0	0	0	0	0
1928.jpg	1	0	0	0	0	0	0	0	0
263.jpg	1	0	0	0	0	0	0	0	0
2134.jpg	1	0	0	0	0	0	0	0	0
1776.jpg	1	0	0	0	0	0	0	0	0
2283.jpg	1	0	0	0	0	0	0	0	0
370.jpg	1	0	0	0	0	0	0	0	0
184.jpg	1	0	0	0	0	0	0	0	0
1666.jpg	1	0	0	0	0	0	0	0	0
1355.jpg	1	0	0	0	0	0	0	0	0
2002.jpg	1	0	0	0	0	0	0	0	0
1331.jpg	1	0	0	0	0	0	0	0	0
2818.jpg	1	0	0	0	0	0	0	0	0
1940.jpg	1	0	0	0	0	0	0	0	0
1853.jpg	1	0	0	0	0	0	0	0	0
1090.jpg	1	0	0	0	0	0	0	0	0
520.jpg	1	0	0	0	0	0	0	0	0
1453.jpg	1	0	0	0	0	0	0	0	0
1975.jpg	1	0	0	0	0	0	0	0	0
1172.jpg	1	0	0	0	0	0	0	0	0
817.jpg	1	0	0	0	0	0	0	0	0
1678.jpg	1	0	0	0	0	0	0	0	0
2911.jpg	1	0	0	0	0	0	0	0	0
1474.jpg	1	0	0	0	0	0	0	0	0
757.jpg	1	0	0	0	0	0	0	0	0
2201.jpg	1	0	0	0	0	0	0	0	0
210.jpg	1	0	0	0	0	0	0	0	0
2166.jpg	1	0	0	0	0	0	0	0	0
2098.jpg	1	0	0	0	0	0	0	0	0
143.jpg	1	0	0	0	0	0	0	0	0
1096.jpg	1	0	0	0	0	0	0	0	0
2030.jpg	1	0	0	0	0	0	0	0	0
1513.jpg	1	0	0	0	0	0	0	0	0
2032.jpg	1	0	0	0	0	0	0	0	0
417.jpg	1	0	0	0	0	0	0	0	0
1874.jpg	1	0	0	0	0	0	0	0	0
1709.jpg	1	0	0	0	0	0	0	0	0
1123.jpg	1	0	0	0	0	0	0	0	0
2050.jpg	1	0	0	0	0	0	0	0	0
1672.jpg	1	0	0	0	0	0	0	0	0
242.jpg	1	0	0	0	0	0	0	0	0
1807.jpg	1	0	0	0	0	0	0	0	0
1800.jpg	1	0	0	0	0	0	0	0	0
2752.jpg	1	0	0	0	0	0	0	0	0
1810.jpg	1	0	0	0	0	0	0	0	0
1641.jpg	1	0	0	0	0	0	0	0	0
