288.jpg	1	0	0	0	0	0	0	0	0
2781.jpg	1	0	0	0	0	0	0	0	0
2253.jpg	1	0	0	0	0	0	0	0	0
2243.jpg	1	0	0	0	0	0	0	0	0
236.jpg	1	0	0	0	0	0	0	0	0
1354.jpg	1	0	0	0	0	0	0	0	0
1084.jpg	1	0	0	0	0	0	0	0	0
1820.jpg	1	0	0	0	0	0	0	0	0
137.jpg	1	0	0	0	0	0	0	0	0
1016.jpg	1	0	0	0	0	0	0	0	0
582.jpg	1	0	0	0	0	0	0	0	0
1754.jpg	1	0	0	0	0	0	0	0	0
1414.jpg	1	0	0	0	0	0	0	0	0
1778.jpg	1	0	0	0	0	0	0	0	0
111.jpg	1	0	0	0	0	0	0	0	0
1970.jpg	1	0	0	0	0	0	0	0	0
2815.jpg	1	0	0	0	0	0	0	0	0
1956.jpg	1	0	0	0	0	0	0	0	0
44.jpg	1	0	0	0	0	0	0	0	0
2868.jpg	1	0	0	0	0	0	0	0	0
2793.jpg	1	0	0	0	0	0	0	0	0
1401.jpg	1	0	0	0	0	0	0	0	0
1166.jpg	1	0	0	0	0	0	0	0	0
322.jpg	1	0	0	0	0	0	0	0	0
2206.jpg	1	0	0	0	0	0	0	0	0
1252.jpg	1	0	0	0	0	0	0	0	0
1219.jpg	1	0	0	0	0	0	0	0	0
2807.jpg	1	0	0	0	0	0	0	0	0
2131.jpg	1	0	0	0	0	0	0	0	0
1939.jpg	1	0	0	0	0	0	0	0	0
1495.jpg	1	0	0	0	0	0	0	0	0
1639.jpg	1	0	0	0	0	0	0	0	0
2189.jpg	1	0	0	0	0	0	0	0	0
2250.jpg	1	0	0	0	0	0	0	0	0
1157.jpg	1	0	0	0	0	0	0	0	0
1399.jpg	1	0	0	0	0	0	0	0	0
1669.jpg	1	0	0	0	0	0	0	0	0
1557.jpg	1	0	0	0	0	0	0	0	0
2885.jpg	1	0	0	0	0	0	0	0	0
21.jpg	1	0	0	0	0	0	0	0	0
1064.jpg	1	0	0	0	0	0	0	0	0
1058.jpg	1	0	0	0	0	0	0	0	0
2784.jpg	1	0	0	0	0	0	0	0	0
482.jpg	1	0	0	0	0	0	0	0	0
2025.jpg	1	0	0	0	0	0	0	0	0
2749.jpg	1	0	0	0	0	0	0	0	0
2225.jpg	1	0	0	0	0	0	0	0	0
1951.jpg	1	0	0	0	0	0	0	0	0
2223.jpg	1	0	0	0	0	0	0	0	0
2568.jpg	1	0	0	0	0	0	0	0	0
2014.jpg	1	0	0	0	0	0	0	0	0
221.jpg	1	0	0	0	0	0	0	0	0
99.jpg	1	0	0	0	0	0	0	0	0
1434.jpg	1	0	0	0	0	0	0	0	0
1073.jpg	1	0	0	0	0	0	0	0	0
304.jpg	1	0	0	0	0	0	0	0	0
1644.jpg	1	0	0	0	0	0	0	0	0
1671.jpg	1	0	0	0	0	0	0	0	0
409.jpg	1	0	0	0	0	0	0	0	0
2168.jpg	1	0	0	0	0	0	0	0	0
1144.jpg	1	0	0	0	0	0	0	0	0
1441.jpg	1	0	0	0	0	0	0	0	0
1192.jpg	1	0	0	0	0	0	0	0	0
1233.jpg	1	0	0	0	0	0	0	0	0
1239.jpg	1	0	0	0	0	0	0	0	0
257.jpg	1	0	0	0	0	0	0	0	0
2848.jpg	1	0	0	0	0	0	0	0	0
852.jpg	1	0	0	0	0	0	0	0	0
237.jpg	1	0	0	0	0	0	0	0	0
314.jpg	1	0	0	0	0	0	0	0	0
2012.jpg	1	0	0	0	0	0	0	0	0
1683.jpg	1	0	0	0	0	0	0	0	0
2263.jpg	1	0	0	0	0	0	0	0	0
362.jpg	1	0	0	0	0	0	0	0	0
2561.jpg	1	0	0	0	0	0	0	0	0
1227.jpg	1	0	0	0	0	0	0	0	0
1458.jpg	1	0	0	0	0	0	0	0	0
1222.jpg	1	0	0	0	0	0	0	0	0
196.jpg	1	0	0	0	0	0	0	0	0
1676.jpg	1	0	0	0	0	0	0	0	0
1188.jpg	1	0	0	0	0	0	0	0	0
2846.jpg	1	0	0	0	0	0	0	0	0
2865.jpg	1	0	0	0	0	0	0	0	0
2172.jpg	1	0	0	0	0	0	0	0	0
1496.jpg	1	0	0	0	0	0	0	0	0
1295.jpg	1	0	0	0	0	0	0	0	0
1751.jpg	1	0	0	0	0	0	0	0	0
2274.jpg	1	0	0	0	0	0	0	0	0
2031.jpg	1	0	0	0	0	0	0	0	0
1862.jpg	1	0	0	0	0	0	0	0	0
231.jpg	1	0	0	0	0	0	0	0	0
2887.jpg	1	0	0	0	0	0	0	0	0
1762.jpg	1	0	0	0	0	0	0	0	0
2924.jpg	1	0	0	0	0	0	0	0	0
1500.jpg	1	0	0	0	0	0	0	0	0
1508.jpg	1	0	0	0	0	0	0	0	0
373.jpg	1	0	0	0	0	0	0	0	0
2824.jpg	1	0	0	0	0	0	0	0	0
275.jpg	1	0	0	0	0	0	0	0	0
1998.jpg	1	0	0	0	0	0	0	0	0
141.jpg	1	0	0	0	0	0	0	0	0
1365.jpg	1	0	0	0	0	0	0	0	0
2214.jpg	1	0	0	0	0	0	0	0	0
2203.jpg	1	0	0	0	0	0	0	0	0
2008.jpg	1	0	0	0	0	0	0	0	0
386.jpg	1	0	0	0	0	0	0	0	0
1053.jpg	1	0	0	0	0	0	0	0	0
159.jpg	1	0	0	0	0	0	0	0	0
1685.jpg	1	0	0	0	0	0	0	0	0
2165.jpg	1	0	0	0	0	0	0	0	0
2758.jpg	1	0	0	0	0	0	0	0	0
1587.jpg	1	0	0	0	0	0	0	0	0
1771.jpg	1	0	0	0	0	0	0	0	0
131.jpg	1	0	0	0	0	0	0	0	0
1961.jpg	1	0	0	0	0	0	0	0	0
1494.jpg	1	0	0	0	0	0	0	0	0
2234.jpg	1	0	0	0	0	0	0	0	0
1334.jpg	1	0	0	0	0	0	0	0	0
573.jpg	1	0	0	0	0	0	0	0	0
2261.jpg	1	0	0	0	0	0	0	0	0
1576.jpg	1	0	0	0	0	0	0	0	0
166.jpg	1	0	0	0	0	0	0	0	0
1991.jpg	1	0	0	0	0	0	0	0	0
2024.jpg	1	0	0	0	0	0	0	0	0
2922.jpg	1	0	0	0	0	0	0	0	0
2810.jpg	1	0	0	0	0	0	0	0	0
2889.jpg	1	0	0	0	0	0	0	0	0
1057.jpg	1	0	0	0	0	0	0	0	0
2265.jpg	1	0	0	0	0	0	0	0	0
2895.jpg	1	0	0	0	0	0	0	0	0
360.jpg	1	0	0	0	0	0	0	0	0
1596.jpg	1	0	0	0	0	0	0	0	0
1995.jpg	1	0	0	0	0	0	0	0	0
1650.jpg	1	0	0	0	0	0	0	0	0
1865.jpg	1	0	0	0	0	0	0	0	0
2118.jpg	1	0	0	0	0	0	0	0	0
211.jpg	1	0	0	0	0	0	0	0	0
389.jpg	1	0	0	0	0	0	0	0	0
1850.jpg	1	0	0	0	0	0	0	0	0
1072.jpg	1	0	0	0	0	0	0	0	0
2757.jpg	1	0	0	0	0	0	0	0	0
1648.jpg	1	0	0	0	0	0	0	0	0
132.jpg	1	0	0	0	0	0	0	0	0
1890.jpg	1	0	0	0	0	0	0	0	0
1268.jpg	1	0	0	0	0	0	0	0	0
2291.jpg	1	0	0	0	0	0	0	0	0
1491.jpg	1	0	0	0	0	0	0	0	0
1170.jpg	1	0	0	0	0	0	0	0	0
1728.jpg	1	0	0	0	0	0	0	0	0
2150.jpg	1	0	0	0	0	0	0	0	0
1075.jpg	1	0	0	0	0	0	0	0	0
1102.jpg	1	0	0	0	0	0	0	0	0
2147.jpg	1	0	0	0	0	0	0	0	0
218.jpg	1	0	0	0	0	0	0	0	0
1782.jpg	1	0	0	0	0	0	0	0	0
1992.jpg	1	0	0	0	0	0	0	0	0
1097.jpg	1	0	0	0	0	0	0	0	0
1078.jpg	1	0	0	0	0	0	0	0	0
1386.jpg	1	0	0	0	0	0	0	0	0
6.jpg	1	0	0	0	0	0	0	0	0
1651.jpg	1	0	0	0	0	0	0	0	0
2742.jpg	1	0	0	0	0	0	0	0	0
1251.jpg	1	0	0	0	0	0	0	0	0
298.jpg	1	0	0	0	0	0	0	0	0
108.jpg	1	0	0	0	0	0	0	0	0
415.jpg	1	0	0	0	0	0	0	0	0
1664.jpg	1	0	0	0	0	0	0	0	0
2067.jpg	1	0	0	0	0	0	0	0	0
2900.jpg	1	0	0	0	0	0	0	0	0
1668.jpg	1	0	0	0	0	0	0	0	0
101.jpg	1	0	0	0	0	0	0	0	0
64.jpg	1	0	0	0	0	0	0	0	0
71.jpg	1	0	0	0	0	0	0	0	0
1867.jpg	1	0	0	0	0	0	0	0	0
232.jpg	1	0	0	0	0	0	0	0	0
1408.jpg	1	0	0	0	0	0	0	0	0
1021.jpg	1	0	0	0	0	0	0	0	0
1389.jpg	1	0	0	0	0	0	0	0	0
2254.jpg	1	0	0	0	0	0	0	0	0
1281.jpg	1	0	0	0	0	0	0	0	0
1147.jpg	1	0	0	0	0	0	0	0	0
2079.jpg	1	0	0	0	0	0	0	0	0
1407.jpg	1	0	0	0	0	0	0	0	0
1758.jpg	1	0	0	0	0	0	0	0	0
907.jpg	1	0	0	0	0	0	0	0	0
1574.jpg	1	0	0	0	0	0	0	0	0
265.jpg	1	0	0	0	0	0	0	0	0
2279.jpg	1	0	0	0	0	0	0	0	0
1875.jpg	1	0	0	0	0	0	0	0	0
2882.jpg	1	0	0	0	0	0	0	0	0
432.jpg	1	0	0	0	0	0	0	0	0
997.jpg	1	0	0	0	0	0	0	0	0
1749.jpg	1	0	0	0	0	0	0	0	0
816.jpg	1	0	0	0	0	0	0	0	0
2550.jpg	1	0	0	0	0	0	0	0	0
2042.jpg	1	0	0	0	0	0	0	0	0
359.jpg	1	0	0	0	0	0	0	0	0
54.jpg	1	0	0	0	0	0	0	0	0
858.jpg	1	0	0	0	0	0	0	0	0
244.jpg	1	0	0	0	0	0	0	0	0
2920.jpg	1	0	0	0	0	0	0	0	0
2886.jpg	1	0	0	0	0	0	0	0	0
1194.jpg	1	0	0	0	0	0	0	0	0
156.jpg	1	0	0	0	0	0	0	0	0
2830.jpg	1	0	0	0	0	0	0	0	0
1580.jpg	1	0	0	0	0	0	0	0	0
63.jpg	1	0	0	0	0	0	0	0	0
2072.jpg	1	0	0	0	0	0	0	0	0
2087.jpg	1	0	0	0	0	0	0	0	0
2075.jpg	1	0	0	0	0	0	0	0	0
1547.jpg	1	0	0	0	0	0	0	0	0
126.jpg	1	0	0	0	0	0	0	0	0
285.jpg	1	0	0	0	0	0	0	0	0
200.jpg	1	0	0	0	0	0	0	0	0
392.jpg	1	0	0	0	0	0	0	0	0
1966.jpg	1	0	0	0	0	0	0	0	0
168.jpg	1	0	0	0	0	0	0	0	0
310.jpg	1	0	0	0	0	0	0	0	0
1727.jpg	1	0	0	0	0	0	0	0	0
1603.jpg	1	0	0	0	0	0	0	0	0
1116.jpg	1	0	0	0	0	0	0	0	0
1765.jpg	1	0	0	0	0	0	0	0	0
337.jpg	1	0	0	0	0	0	0	0	0
75.jpg	1	0	0	0	0	0	0	0	0
1246.jpg	1	0	0	0	0	0	0	0	0
238.jpg	1	0	0	0	0	0	0	0	0
1682.jpg	1	0	0	0	0	0	0	0	0
149.jpg	1	0	0	0	0	0	0	0	0
979.jpg	1	0	0	0	0	0	0	0	0
2018.jpg	1	0	0	0	0	0	0	0	0
138.jpg	1	0	0	0	0	0	0	0	0
1417.jpg	1	0	0	0	0	0	0	0	0
1942.jpg	1	0	0	0	0	0	0	0	0
1450.jpg	1	0	0	0	0	0	0	0	0
2873.jpg	1	0	0	0	0	0	0	0	0
2881.jpg	1	0	0	0	0	0	0	0	0
2266.jpg	1	0	0	0	0	0	0	0	0
86.jpg	1	0	0	0	0	0	0	0	0
2286.jpg	1	0	0	0	0	0	0	0	0
1285.jpg	1	0	0	0	0	0	0	0	0
2774.jpg	1	0	0	0	0	0	0	0	0
2460.jpg	1	0	0	0	0	0	0	0	0
1910.jpg	1	0	0	0	0	0	0	0	0
2721.jpg	1	0	0	0	0	0	0	0	0
1370.jpg	1	0	0	0	0	0	0	0	0
130.jpg	1	0	0	0	0	0	0	0	0
2251.jpg	1	0	0	0	0	0	0	0	0
1801.jpg	1	0	0	0	0	0	0	0	0
1220.jpg	1	0	0	0	0	0	0	0	0
2711.jpg	1	0	0	0	0	0	0	0	0
1005.jpg	1	0	0	0	0	0	0	0	0
170.jpg	1	0	0	0	0	0	0	0	0
1272.jpg	1	0	0	0	0	0	0	0	0
1187.jpg	1	0	0	0	0	0	0	0	0
2080.jpg	1	0	0	0	0	0	0	0	0
1578.jpg	1	0	0	0	0	0	0	0	0
1261.jpg	1	0	0	0	0	0	0	0	0
2005.jpg	1	0	0	0	0	0	0	0	0
408.jpg	1	0	0	0	0	0	0	0	0
1288.jpg	1	0	0	0	0	0	0	0	0
1735.jpg	1	0	0	0	0	0	0	0	0
2128.jpg	1	0	0	0	0	0	0	0	0
2162.jpg	1	0	0	0	0	0	0	0	0
379.jpg	1	0	0	0	0	0	0	0	0
1723.jpg	1	0	0	0	0	0	0	0	0
2921.jpg	1	0	0	0	0	0	0	0	0
1255.jpg	1	0	0	0	0	0	0	0	0
2177.jpg	1	0	0	0	0	0	0	0	0
1165.jpg	1	0	0	0	0	0	0	0	0
273.jpg	1	0	0	0	0	0	0	0	0
106.jpg	1	0	0	0	0	0	0	0	0
90.jpg	1	0	0	0	0	0	0	0	0
1341.jpg	1	0	0	0	0	0	0	0	0
1794.jpg	1	0	0	0	0	0	0	0	0
2707.jpg	1	0	0	0	0	0	0	0	0
1380.jpg	1	0	0	0	0	0	0	0	0
1628.jpg	1	0	0	0	0	0	0	0	0
2713.jpg	1	0	0	0	0	0	0	0	0
1878.jpg	1	0	0	0	0	0	0	0	0
1663.jpg	1	0	0	0	0	0	0	0	0
2849.jpg	1	0	0	0	0	0	0	0	0
1028.jpg	1	0	0	0	0	0	0	0	0
1854.jpg	1	0	0	0	0	0	0	0	0
1199.jpg	1	0	0	0	0	0	0	0	0
12.jpg	1	0	0	0	0	0	0	0	0
553.jpg	1	0	0	0	0	0	0	0	0
2088.jpg	1	0	0	0	0	0	0	0	0
464.jpg	1	0	0	0	0	0	0	0	0
2470.jpg	1	0	0	0	0	0	0	0	0
2242.jpg	1	0	0	0	0	0	0	0	0
2239.jpg	1	0	0	0	0	0	0	0	0
1134.jpg	1	0	0	0	0	0	0	0	0
334.jpg	1	0	0	0	0	0	0	0	0
1790.jpg	1	0	0	0	0	0	0	0	0
1643.jpg	1	0	0	0	0	0	0	0	0
2151.jpg	1	0	0	0	0	0	0	0	0
1873.jpg	1	0	0	0	0	0	0	0	0
53.jpg	1	0	0	0	0	0	0	0	0
1025.jpg	1	0	0	0	0	0	0	0	0
1291.jpg	1	0	0	0	0	0	0	0	0
2052.jpg	1	0	0	0	0	0	0	0	0
1640.jpg	1	0	0	0	0	0	0	0	0
2065.jpg	1	0	0	0	0	0	0	0	0
1645.jpg	1	0	0	0	0	0	0	0	0
2179.jpg	1	0	0	0	0	0	0	0	0
2514.jpg	1	0	0	0	0	0	0	0	0
1917.jpg	1	0	0	0	0	0	0	0	0
1694.jpg	1	0	0	0	0	0	0	0	0
1861.jpg	1	0	0	0	0	0	0	0	0
2769.jpg	1	0	0	0	0	0	0	0	0
1383.jpg	1	0	0	0	0	0	0	0	0
249.jpg	1	0	0	0	0	0	0	0	0
39.jpg	1	0	0	0	0	0	0	0	0
2188.jpg	1	0	0	0	0	0	0	0	0
2842.jpg	1	0	0	0	0	0	0	0	0
1642.jpg	1	0	0	0	0	0	0	0	0
1525.jpg	1	0	0	0	0	0	0	0	0
1046.jpg	1	0	0	0	0	0	0	0	0
225.jpg	1	0	0	0	0	0	0	0	0
1926.jpg	1	0	0	0	0	0	0	0	0
50.jpg	1	0	0	0	0	0	0	0	0
2198.jpg	1	0	0	0	0	0	0	0	0
2755.jpg	1	0	0	0	0	0	0	0	0
1376.jpg	1	0	0	0	0	0	0	0	0
2099.jpg	1	0	0	0	0	0	0	0	0
1359.jpg	1	0	0	0	0	0	0	0	0
1505.jpg	1	0	0	0	0	0	0	0	0
185.jpg	1	0	0	0	0	0	0	0	0
383.jpg	1	0	0	0	0	0	0	0	0
1695.jpg	1	0	0	0	0	0	0	0	0
2073.jpg	1	0	0	0	0	0	0	0	0
395.jpg	1	0	0	0	0	0	0	0	0
2859.jpg	1	0	0	0	0	0	0	0	0
1214.jpg	1	0	0	0	0	0	0	0	0
2009.jpg	1	0	0	0	0	0	0	0	0
1456.jpg	1	0	0	0	0	0	0	0	0
1428.jpg	1	0	0	0	0	0	0	0	0
1464.jpg	1	0	0	0	0	0	0	0	0
1609.jpg	1	0	0	0	0	0	0	0	0
20.jpg	1	0	0	0	0	0	0	0	0
204.jpg	1	0	0	0	0	0	0	0	0
1119.jpg	1	0	0	0	0	0	0	0	0
1209.jpg	1	0	0	0	0	0	0	0	0
1088.jpg	1	0	0	0	0	0	0	0	0
61.jpg	1	0	0	0	0	0	0	0	0
2766.jpg	1	0	0	0	0	0	0	0	0
1806.jpg	1	0	0	0	0	0	0	0	0
2236.jpg	1	0	0	0	0	0	0	0	0
1589.jpg	1	0	0	0	0	0	0	0	0
1330.jpg	1	0	0	0	0	0	0	0	0
55.jpg	1	0	0	0	0	0	0	0	0
2709.jpg	1	0	0	0	0	0	0	0	0
2085.jpg	1	0	0	0	0	0	0	0	0
1868.jpg	1	0	0	0	0	0	0	0	0
2855.jpg	1	0	0	0	0	0	0	0	0
1522.jpg	1	0	0	0	0	0	0	0	0
1300.jpg	1	0	0	0	0	0	0	0	0
2057.jpg	1	0	0	0	0	0	0	0	0
2910.jpg	1	0	0	0	0	0	0	0	0
508.jpg	1	0	0	0	0	0	0	0	0
1241.jpg	1	0	0	0	0	0	0	0	0
781.jpg	1	0	0	0	0	0	0	0	0
1545.jpg	1	0	0	0	0	0	0	0	0
1621.jpg	1	0	0	0	0	0	0	0	0
2122.jpg	1	0	0	0	0	0	0	0	0
1322.jpg	1	0	0	0	0	0	0	0	0
1418.jpg	1	0	0	0	0	0	0	0	0
2000.jpg	1	0	0	0	0	0	0	0	0
1238.jpg	1	0	0	0	0	0	0	0	0
511.jpg	1	0	0	0	0	0	0	0	0
1766.jpg	1	0	0	0	0	0	0	0	0
2141.jpg	1	0	0	0	0	0	0	0	0
1177.jpg	1	0	0	0	0	0	0	0	0
72.jpg	1	0	0	0	0	0	0	0	0
73.jpg	1	0	0	0	0	0	0	0	0
1863.jpg	1	0	0	0	0	0	0	0	0
2465.jpg	1	0	0	0	0	0	0	0	0
1095.jpg	1	0	0	0	0	0	0	0	0
321.jpg	1	0	0	0	0	0	0	0	0
1962.jpg	1	0	0	0	0	0	0	0	0
1857.jpg	1	0	0	0	0	0	0	0	0
1031.jpg	1	0	0	0	0	0	0	0	0
1100.jpg	1	0	0	0	0	0	0	0	0
1549.jpg	1	0	0	0	0	0	0	0	0
570.jpg	1	0	0	0	0	0	0	0	0
1514.jpg	1	0	0	0	0	0	0	0	0
2801.jpg	1	0	0	0	0	0	0	0	0
2167.jpg	1	0	0	0	0	0	0	0	0
2156.jpg	1	0	0	0	0	0	0	0	0
162.jpg	1	0	0	0	0	0	0	0	0
1395.jpg	1	0	0	0	0	0	0	0	0
32.jpg	1	0	0	0	0	0	0	0	0
1406.jpg	1	0	0	0	0	0	0	0	0
1691.jpg	1	0	0	0	0	0	0	0	0
1044.jpg	1	0	0	0	0	0	0	0	0
1887.jpg	1	0	0	0	0	0	0	0	0
1503.jpg	1	0	0	0	0	0	0	0	0
66.jpg	1	0	0	0	0	0	0	0	0
1784.jpg	1	0	0	0	0	0	0	0	0
1583.jpg	1	0	0	0	0	0	0	0	0
1277.jpg	1	0	0	0	0	0	0	0	0
308.jpg	1	0	0	0	0	0	0	0	0
2074.jpg	1	0	0	0	0	0	0	0	0
60.jpg	1	0	0	0	0	0	0	0	0
107.jpg	1	0	0	0	0	0	0	0	0
1521.jpg	1	0	0	0	0	0	0	0	0
49.jpg	1	0	0	0	0	0	0	0	0
1855.jpg	1	0	0	0	0	0	0	0	0
157.jpg	1	0	0	0	0	0	0	0	0
1435.jpg	1	0	0	0	0	0	0	0	0
1893.jpg	1	0	0	0	0	0	0	0	0
1381.jpg	1	0	0	0	0	0	0	0	0
1173.jpg	1	0	0	0	0	0	0	0	0
2183.jpg	1	0	0	0	0	0	0	0	0
1296.jpg	1	0	0	0	0	0	0	0	0
187.jpg	1	0	0	0	0	0	0	0	0
1718.jpg	1	0	0	0	0	0	0	0	0
495.jpg	1	0	0	0	0	0	0	0	0
177.jpg	1	0	0	0	0	0	0	0	0
1655.jpg	1	0	0	0	0	0	0	0	0
1996.jpg	1	0	0	0	0	0	0	0	0
1750.jpg	1	0	0	0	0	0	0	0	0
343.jpg	1	0	0	0	0	0	0	0	0
2136.jpg	1	0	0	0	0	0	0	0	0
525.jpg	1	0	0	0	0	0	0	0	0
1586.jpg	1	0	0	0	0	0	0	0	0
1768.jpg	1	0	0	0	0	0	0	0	0
45.jpg	1	0	0	0	0	0	0	0	0
84.jpg	1	0	0	0	0	0	0	0	0
121.jpg	1	0	0	0	0	0	0	0	0
2235.jpg	1	0	0	0	0	0	0	0	0
2190.jpg	1	0	0	0	0	0	0	0	0
1352.jpg	1	0	0	0	0	0	0	0	0
203.jpg	1	0	0	0	0	0	0	0	0
2230.jpg	1	0	0	0	0	0	0	0	0
1931.jpg	1	0	0	0	0	0	0	0	0
1439.jpg	1	0	0	0	0	0	0	0	0
2041.jpg	1	0	0	0	0	0	0	0	0
24.jpg	1	0	0	0	0	0	0	0	0
1627.jpg	1	0	0	0	0	0	0	0	0
1313.jpg	1	0	0	0	0	0	0	0	0
2879.jpg	1	0	0	0	0	0	0	0	0
1527.jpg	1	0	0	0	0	0	0	0	0
2897.jpg	1	0	0	0	0	0	0	0	0
1180.jpg	1	0	0	0	0	0	0	0	0
164.jpg	1	0	0	0	0	0	0	0	0
2890.jpg	1	0	0	0	0	0	0	0	0
88.jpg	1	0	0	0	0	0	0	0	0
1885.jpg	1	0	0	0	0	0	0	0	0
2054.jpg	1	0	0	0	0	0	0	0	0
1314.jpg	1	0	0	0	0	0	0	0	0
1986.jpg	1	0	0	0	0	0	0	0	0
1697.jpg	1	0	0	0	0	0	0	0	0
1518.jpg	1	0	0	0	0	0	0	0	0
1136.jpg	1	0	0	0	0	0	0	0	0
1928.jpg	1	0	0	0	0	0	0	0	0
263.jpg	1	0	0	0	0	0	0	0	0
2134.jpg	1	0	0	0	0	0	0	0	0
1776.jpg	1	0	0	0	0	0	0	0	0
2283.jpg	1	0	0	0	0	0	0	0	0
370.jpg	1	0	0	0	0	0	0	0	0
184.jpg	1	0	0	0	0	0	0	0	0
1666.jpg	1	0	0	0	0	0	0	0	0
1355.jpg	1	0	0	0	0	0	0	0	0
2002.jpg	1	0	0	0	0	0	0	0	0
1331.jpg	1	0	0	0	0	0	0	0	0
2818.jpg	1	0	0	0	0	0	0	0	0
1940.jpg	1	0	0	0	0	0	0	0	0
1853.jpg	1	0	0	0	0	0	0	0	0
1090.jpg	1	0	0	0	0	0	0	0	0
520.jpg	1	0	0	0	0	0	0	0	0
1453.jpg	1	0	0	0	0	0	0	0	0
1975.jpg	1	0	0	0	0	0	0	0	0
1172.jpg	1	0	0	0	0	0	0	0	0
817.jpg	1	0	0	0	0	0	0	0	0
1678.jpg	1	0	0	0	0	0	0	0	0
2911.jpg	1	0	0	0	0	0	0	0	0
1474.jpg	1	0	0	0	0	0	0	0	0
757.jpg	1	0	0	0	0	0	0	0	0
2201.jpg	1	0	0	0	0	0	0	0	0
210.jpg	1	0	0	0	0	0	0	0	0
2166.jpg	1	0	0	0	0	0	0	0	0
2098.jpg	1	0	0	0	0	0	0	0	0
143.jpg	1	0	0	0	0	0	0	0	0
1096.jpg	1	0	0	0	0	0	0	0	0
2030.jpg	1	0	0	0	0	0	0	0	0
1513.jpg	1	0	0	0	0	0	0	0	0
2032.jpg	1	0	0	0	0	0	0	0	0
417.jpg	1	0	0	0	0	0	0	0	0
1874.jpg	1	0	0	0	0	0	0	0	0
1709.jpg	1	0	0	0	0	0	0	0	0
1123.jpg	1	0	0	0	0	0	0	0	0
2050.jpg	1	0	0	0	0	0	0	0	0
1672.jpg	1	0	0	0	0	0	0	0	0
242.jpg	1	0	0	0	0	0	0	0	0
1807.jpg	1	0	0	0	0	0	0	0	0
1800.jpg	1	0	0	0	0	0	0	0	0
2752.jpg	1	0	0	0	0	0	0	0	0
1810.jpg	1	0	0	0	0	0	0	0	0
1641.jpg	1	0	0	0	0	0	0	0	0
1269.jpg	1	0	0	0	0	0	0	0	0
276.jpg	1	0	0	0	0	0	0	0	0
450.jpg	1	0	0	0	0	0	0	0	0
1880.jpg	1	0	0	0	0	0	0	0	0
443.jpg	1	0	0	0	0	0	0	0	0
1109.jpg	1	0	0	0	0	0	0	0	0
2180.jpg	1	0	0	0	0	0	0	0	0
1009.jpg	1	0	0	0	0	0	0	0	0
2722.jpg	1	0	0	0	0	0	0	0	0
57.jpg	1	0	0	0	0	0	0	0	0
1033.jpg	1	0	0	0	0	0	0	0	0
1797.jpg	1	0	0	0	0	0	0	0	0
77.jpg	1	0	0	0	0	0	0	0	0
1023.jpg	1	0	0	0	0	0	0	0	0
995.jpg	1	0	0	0	0	0	0	0	0
442.jpg	1	0	0	0	0	0	0	0	0
230.jpg	1	0	0	0	0	0	0	0	0
2909.jpg	1	0	0	0	0	0	0	0	0
2199.jpg	1	0	0	0	0	0	0	0	0
1907.jpg	1	0	0	0	0	0	0	0	0
2184.jpg	1	0	0	0	0	0	0	0	0
1761.jpg	1	0	0	0	0	0	0	0	0
2867.jpg	1	0	0	0	0	0	0	0	0
1591.jpg	1	0	0	0	0	0	0	0	0
2006.jpg	1	0	0	0	0	0	0	0	0
2777.jpg	1	0	0	0	0	0	0	0	0
349.jpg	1	0	0	0	0	0	0	0	0
215.jpg	1	0	0	0	0	0	0	0	0
1698.jpg	1	0	0	0	0	0	0	0	0
2745.jpg	1	0	0	0	0	0	0	0	0
74.jpg	1	0	0	0	0	0	0	0	0
367.jpg	1	0	0	0	0	0	0	0	0
1944.jpg	1	0	0	0	0	0	0	0	0
2010.jpg	1	0	0	0	0	0	0	0	0
165.jpg	1	0	0	0	0	0	0	0	0
1267.jpg	1	0	0	0	0	0	0	0	0
2456.jpg	1	0	0	0	0	0	0	0	0
102.jpg	1	0	0	0	0	0	0	0	0
202.jpg	1	0	0	0	0	0	0	0	0
1475.jpg	1	0	0	0	0	0	0	0	0
1430.jpg	1	0	0	0	0	0	0	0	0
368.jpg	1	0	0	0	0	0	0	0	0
2196.jpg	1	0	0	0	0	0	0	0	0
481.jpg	1	0	0	0	0	0	0	0	0
354.jpg	1	0	0	0	0	0	0	0	0
2820.jpg	1	0	0	0	0	0	0	0	0
2726.jpg	1	0	0	0	0	0	0	0	0
2212.jpg	1	0	0	0	0	0	0	0	0
1532.jpg	1	0	0	0	0	0	0	0	0
1913.jpg	1	0	0	0	0	0	0	0	0
2086.jpg	1	0	0	0	0	0	0	0	0
2016.jpg	1	0	0	0	0	0	0	0	0
2811.jpg	1	0	0	0	0	0	0	0	0
1196.jpg	1	0	0	0	0	0	0	0	0
76.jpg	1	0	0	0	0	0	0	0	0
2227.jpg	1	0	0	0	0	0	0	0	0
1240.jpg	1	0	0	0	0	0	0	0	0
1902.jpg	1	0	0	0	0	0	0	0	0
1783.jpg	1	0	0	0	0	0	0	0	0
2912.jpg	1	0	0	0	0	0	0	0	0
1752.jpg	1	0	0	0	0	0	0	0	0
328.jpg	1	0	0	0	0	0	0	0	0
189.jpg	1	0	0	0	0	0	0	0	0
125.jpg	1	0	0	0	0	0	0	0	0
19.jpg	1	0	0	0	0	0	0	0	0
1452.jpg	1	0	0	0	0	0	0	0	0
1141.jpg	1	0	0	0	0	0	0	0	0
259.jpg	1	0	0	0	0	0	0	0	0
1841.jpg	1	0	0	0	0	0	0	0	0
1125.jpg	1	0	0	0	0	0	0	0	0
1374.jpg	1	0	0	0	0	0	0	0	0
1043.jpg	1	0	0	0	0	0	0	0	0
1827.jpg	1	0	0	0	0	0	0	0	0
1117.jpg	1	0	0	0	0	0	0	0	0
2914.jpg	1	0	0	0	0	0	0	0	0
2216.jpg	1	0	0	0	0	0	0	0	0
1610.jpg	1	0	0	0	0	0	0	0	0
1083.jpg	1	0	0	0	0	0	0	0	0
1923.jpg	1	0	0	0	0	0	0	0	0
1107.jpg	1	0	0	0	0	0	0	0	0
1564.jpg	1	0	0	0	0	0	0	0	0
1158.jpg	1	0	0	0	0	0	0	0	0
1636.jpg	1	0	0	0	0	0	0	0	0
1897.jpg	1	0	0	0	0	0	0	0	0
317.jpg	1	0	0	0	0	0	0	0	0
1257.jpg	1	0	0	0	0	0	0	0	0
1554.jpg	1	0	0	0	0	0	0	0	0
1808.jpg	1	0	0	0	0	0	0	0	0
1131.jpg	1	0	0	0	0	0	0	0	0
1489.jpg	1	0	0	0	0	0	0	0	0
339.jpg	1	0	0	0	0	0	0	0	0
105.jpg	1	0	0	0	0	0	0	0	0
2903.jpg	1	0	0	0	0	0	0	0	0
1.jpg	1	0	0	0	0	0	0	0	0
1579.jpg	1	0	0	0	0	0	0	0	0
41.jpg	1	0	0	0	0	0	0	0	0
1342.jpg	1	0	0	0	0	0	0	0	0
2908.jpg	1	0	0	0	0	0	0	0	0
2112.jpg	1	0	0	0	0	0	0	0	0
1052.jpg	1	0	0	0	0	0	0	0	0
2876.jpg	1	0	0	0	0	0	0	0	0
1744.jpg	1	0	0	0	0	0	0	0	0
1984.jpg	1	0	0	0	0	0	0	0	0
330.jpg	1	0	0	0	0	0	0	0	0
1823.jpg	1	0	0	0	0	0	0	0	0
1622.jpg	1	0	0	0	0	0	0	0	0
1068.jpg	1	0	0	0	0	0	0	0	0
1896.jpg	1	0	0	0	0	0	0	0	0
1535.jpg	1	0	0	0	0	0	0	0	0
220.jpg	1	0	0	0	0	0	0	0	0
120.jpg	1	0	0	0	0	0	0	0	0
2710.jpg	1	0	0	0	0	0	0	0	0
1997.jpg	1	0	0	0	0	0	0	0	0
1556.jpg	1	0	0	0	0	0	0	0	0
2566.jpg	1	0	0	0	0	0	0	0	0
1947.jpg	1	0	0	0	0	0	0	0	0
1501.jpg	1	0	0	0	0	0	0	0	0
305.jpg	1	0	0	0	0	0	0	0	0
1689.jpg	1	0	0	0	0	0	0	0	0
1649.jpg	1	0	0	0	0	0	0	0	0
2731.jpg	1	0	0	0	0	0	0	0	0
378.jpg	1	0	0	0	0	0	0	0	0
472.jpg	1	0	0	0	0	0	0	0	0
1562.jpg	1	0	0	0	0	0	0	0	0
352.jpg	1	0	0	0	0	0	0	0	0
2831.jpg	1	0	0	0	0	0	0	0	0
274.jpg	1	0	0	0	0	0	0	0	0
2896.jpg	1	0	0	0	0	0	0	0	0
110.jpg	1	0	0	0	0	0	0	0	0
178.jpg	1	0	0	0	0	0	0	0	0
325.jpg	1	0	0	0	0	0	0	0	0
529.jpg	1	0	0	0	0	0	0	0	0
2290.jpg	1	0	0	0	0	0	0	0	0
1969.jpg	1	0	0	0	0	0	0	0	0
2081.jpg	1	0	0	0	0	0	0	0	0
1273.jpg	1	0	0	0	0	0	0	0	0
82.jpg	1	0	0	0	0	0	0	0	0
1773.jpg	1	0	0	0	0	0	0	0	0
1142.jpg	1	0	0	0	0	0	0	0	0
2779.jpg	1	0	0	0	0	0	0	0	0
281.jpg	1	0	0	0	0	0	0	0	0
2062.jpg	1	0	0	0	0	0	0	0	0
1898.jpg	1	0	0	0	0	0	0	0	0
2854.jpg	1	0	0	0	0	0	0	0	0
1625.jpg	1	0	0	0	0	0	0	0	0
1710.jpg	1	0	0	0	0	0	0	0	0
2702.jpg	1	0	0	0	0	0	0	0	0
1206.jpg	1	0	0	0	0	0	0	0	0
289.jpg	1	0	0	0	0	0	0	0	0
2248.jpg	1	0	0	0	0	0	0	0	0
11.jpg	1	0	0	0	0	0	0	0	0
1213.jpg	1	0	0	0	0	0	0	0	0
1287.jpg	1	0	0	0	0	0	0	0	0
2751.jpg	1	0	0	0	0	0	0	0	0
1207.jpg	1	0	0	0	0	0	0	0	0
92.jpg	1	0	0	0	0	0	0	0	0
2132.jpg	1	0	0	0	0	0	0	0	0
1231.jpg	1	0	0	0	0	0	0	0	0
1392.jpg	1	0	0	0	0	0	0	0	0
42.jpg	1	0	0	0	0	0	0	0	0
140.jpg	1	0	0	0	0	0	0	0	0
1552.jpg	1	0	0	0	0	0	0	0	0
1656.jpg	1	0	0	0	0	0	0	0	0
255.jpg	1	0	0	0	0	0	0	0	0
1690.jpg	1	0	0	0	0	0	0	0	0
2841.jpg	1	0	0	0	0	0	0	0	0
2069.jpg	1	0	0	0	0	0	0	0	0
1989.jpg	1	0	0	0	0	0	0	0	0
1106.jpg	1	0	0	0	0	0	0	0	0
1438.jpg	1	0	0	0	0	0	0	0	0
1363.jpg	1	0	0	0	0	0	0	0	0
2161.jpg	1	0	0	0	0	0	0	0	0
1976.jpg	1	0	0	0	0	0	0	0	0
1451.jpg	1	0	0	0	0	0	0	0	0
1066.jpg	1	0	0	0	0	0	0	0	0
1712.jpg	1	0	0	0	0	0	0	0	0
1920.jpg	1	0	0	0	0	0	0	0	0
388.jpg	1	0	0	0	0	0	0	0	0
2011.jpg	1	0	0	0	0	0	0	0	0
1195.jpg	1	0	0	0	0	0	0	0	0
1208.jpg	1	0	0	0	0	0	0	0	0
205.jpg	1	0	0	0	0	0	0	0	0
1264.jpg	1	0	0	0	0	0	0	0	0
1099.jpg	1	0	0	0	0	0	0	0	0
117.jpg	1	0	0	0	0	0	0	0	0
23.jpg	1	0	0	0	0	0	0	0	0
384.jpg	1	0	0	0	0	0	0	0	0
1499.jpg	1	0	0	0	0	0	0	0	0
958.jpg	1	0	0	0	0	0	0	0	0
2078.jpg	1	0	0	0	0	0	0	0	0
2856.jpg	1	0	0	0	0	0	0	0	0
1924.jpg	1	0	0	0	0	0	0	0	0
1006.jpg	1	0	0	0	0	0	0	0	0
2090.jpg	1	0	0	0	0	0	0	0	0
1325.jpg	1	0	0	0	0	0	0	0	0
1541.jpg	1	0	0	0	0	0	0	0	0
1259.jpg	1	0	0	0	0	0	0	0	0
1565.jpg	1	0	0	0	0	0	0	0	0
1713.jpg	1	0	0	0	0	0	0	0	0
1120.jpg	1	0	0	0	0	0	0	0	0
2154.jpg	1	0	0	0	0	0	0	0	0
2233.jpg	1	0	0	0	0	0	0	0	0
1830.jpg	1	0	0	0	0	0	0	0	0
193.jpg	1	0	0	0	0	0	0	0	0
1647.jpg	1	0	0	0	0	0	0	0	0
1303.jpg	1	0	0	0	0	0	0	0	0
228.jpg	1	0	0	0	0	0	0	0	0
2518.jpg	1	0	0	0	0	0	0	0	0
2780.jpg	1	0	0	0	0	0	0	0	0
2158.jpg	1	0	0	0	0	0	0	0	0
2904.jpg	1	0	0	0	0	0	0	0	0
1817.jpg	1	0	0	0	0	0	0	0	0
1899.jpg	1	0	0	0	0	0	0	0	0
1476.jpg	1	0	0	0	0	0	0	0	0
1600.jpg	1	0	0	0	0	0	0	0	0
1775.jpg	1	0	0	0	0	0	0	0	0
329.jpg	1	0	0	0	0	0	0	0	0
1235.jpg	1	0	0	0	0	0	0	0	0
146.jpg	1	0	0	0	0	0	0	0	0
1877.jpg	1	0	0	0	0	0	0	0	0
466.jpg	1	0	0	0	0	0	0	0	0
266.jpg	1	0	0	0	0	0	0	0	0
600.jpg	1	0	0	0	0	0	0	0	0
2272.jpg	1	0	0	0	0	0	0	0	0
1891.jpg	1	0	0	0	0	0	0	0	0
172.jpg	1	0	0	0	0	0	0	0	0
1941.jpg	1	0	0	0	0	0	0	0	0
1852.jpg	1	0	0	0	0	0	0	0	0
201.jpg	1	0	0	0	0	0	0	0	0
355.jpg	1	0	0	0	0	0	0	0	0
2891.jpg	1	0	0	0	0	0	0	0	0
2097.jpg	1	0	0	0	0	0	0	0	0
1402.jpg	1	0	0	0	0	0	0	0	0
1477.jpg	1	0	0	0	0	0	0	0	0
1372.jpg	1	0	0	0	0	0	0	0	0
271.jpg	1	0	0	0	0	0	0	0	0
1037.jpg	1	0	0	0	0	0	0	0	0
2108.jpg	1	0	0	0	0	0	0	0	0
1176.jpg	1	0	0	0	0	0	0	0	0
287.jpg	1	0	0	0	0	0	0	0	0
2788.jpg	1	0	0	0	0	0	0	0	0
2083.jpg	1	0	0	0	0	0	0	0	0
1155.jpg	1	0	0	0	0	0	0	0	0
2113.jpg	1	0	0	0	0	0	0	0	0
1517.jpg	1	0	0	0	0	0	0	0	0
2264.jpg	1	0	0	0	0	0	0	0	0
1860.jpg	1	0	0	0	0	0	0	0	0
1767.jpg	1	0	0	0	0	0	0	0	0
1864.jpg	1	0	0	0	0	0	0	0	0
181.jpg	1	0	0	0	0	0	0	0	0
333.jpg	1	0	0	0	0	0	0	0	0
62.jpg	1	0	0	0	0	0	0	0	0
1159.jpg	1	0	0	0	0	0	0	0	0
315.jpg	1	0	0	0	0	0	0	0	0
2039.jpg	1	0	0	0	0	0	0	0	0
1743.jpg	1	0	0	0	0	0	0	0	0
1156.jpg	1	0	0	0	0	0	0	0	0
1186.jpg	1	0	0	0	0	0	0	0	0
241.jpg	1	0	0	0	0	0	0	0	0
2021.jpg	1	0	0	0	0	0	0	0	0
1032.jpg	1	0	0	0	0	0	0	0	0
2194.jpg	1	0	0	0	0	0	0	0	0
2712.jpg	1	0	0	0	0	0	0	0	0
1869.jpg	1	0	0	0	0	0	0	0	0
1245.jpg	1	0	0	0	0	0	0	0	0
1506.jpg	1	0	0	0	0	0	0	0	0
350.jpg	1	0	0	0	0	0	0	0	0
1530.jpg	1	0	0	0	0	0	0	0	0
326.jpg	1	0	0	0	0	0	0	0	0
1124.jpg	1	0	0	0	0	0	0	0	0
2247.jpg	1	0	0	0	0	0	0	0	0
1568.jpg	1	0	0	0	0	0	0	0	0
1725.jpg	1	0	0	0	0	0	0	0	0
1816.jpg	1	0	0	0	0	0	0	0	0
1361.jpg	1	0	0	0	0	0	0	0	0
348.jpg	1	0	0	0	0	0	0	0	0
1716.jpg	1	0	0	0	0	0	0	0	0
2202.jpg	1	0	0	0	0	0	0	0	0
2109.jpg	1	0	0	0	0	0	0	0	0
1703.jpg	1	0	0	0	0	0	0	0	0
522.jpg	1	0	0	0	0	0	0	0	0
1039.jpg	1	0	0	0	0	0	0	0	0
2748.jpg	1	0	0	0	0	0	0	0	0
2094.jpg	1	0	0	0	0	0	0	0	0
2143.jpg	1	0	0	0	0	0	0	0	0
197.jpg	1	0	0	0	0	0	0	0	0
1809.jpg	1	0	0	0	0	0	0	0	0
2045.jpg	1	0	0	0	0	0	0	0	0
1484.jpg	1	0	0	0	0	0	0	0	0
1588.jpg	1	0	0	0	0	0	0	0	0
1045.jpg	1	0	0	0	0	0	0	0	0
1405.jpg	1	0	0	0	0	0	0	0	0
1835.jpg	1	0	0	0	0	0	0	0	0
2276.jpg	1	0	0	0	0	0	0	0	0
1306.jpg	1	0	0	0	0	0	0	0	0
2164.jpg	1	0	0	0	0	0	0	0	0
1429.jpg	1	0	0	0	0	0	0	0	0
1842.jpg	1	0	0	0	0	0	0	0	0
1502.jpg	1	0	0	0	0	0	0	0	0
1787.jpg	1	0	0	0	0	0	0	0	0
2175.jpg	1	0	0	0	0	0	0	0	0
192.jpg	1	0	0	0	0	0	0	0	0
1948.jpg	1	0	0	0	0	0	0	0	0
1540.jpg	1	0	0	0	0	0	0	0	0
2119.jpg	1	0	0	0	0	0	0	0	0
1719.jpg	1	0	0	0	0	0	0	0	0
1824.jpg	1	0	0	0	0	0	0	0	0
1900.jpg	1	0	0	0	0	0	0	0	0
182.jpg	1	0	0	0	0	0	0	0	0
104.jpg	1	0	0	0	0	0	0	0	0
347.jpg	1	0	0	0	0	0	0	0	0
2053.jpg	1	0	0	0	0	0	0	0	0
2125.jpg	1	0	0	0	0	0	0	0	0
2246.jpg	1	0	0	0	0	0	0	0	0
1463.jpg	1	0	0	0	0	0	0	0	0
1113.jpg	1	0	0	0	0	0	0	0	0
2148.jpg	1	0	0	0	0	0	0	0	0
1590.jpg	1	0	0	0	0	0	0	0	0
2023.jpg	1	0	0	0	0	0	0	0	0
2720.jpg	1	0	0	0	0	0	0	0	0
2730.jpg	1	0	0	0	0	0	0	0	0
1553.jpg	1	0	0	0	0	0	0	0	0
555.jpg	1	0	0	0	0	0	0	0	0
2813.jpg	1	0	0	0	0	0	0	0	0
2178.jpg	1	0	0	0	0	0	0	0	0
1396.jpg	1	0	0	0	0	0	0	0	0
152.jpg	1	0	0	0	0	0	0	0	0
2826.jpg	1	0	0	0	0	0	0	0	0
213.jpg	1	0	0	0	0	0	0	0	0
10.jpg	1	0	0	0	0	0	0	0	0
2153.jpg	1	0	0	0	0	0	0	0	0
1217.jpg	1	0	0	0	0	0	0	0	0
319.jpg	1	0	0	0	0	0	0	0	0
1190.jpg	1	0	0	0	0	0	0	0	0
103.jpg	1	0	0	0	0	0	0	0	0
1449.jpg	1	0	0	0	0	0	0	0	0
1391.jpg	1	0	0	0	0	0	0	0	0
1398.jpg	1	0	0	0	0	0	0	0	0
1630.jpg	1	0	0	0	0	0	0	0	0
1302.jpg	1	0	0	0	0	0	0	0	0
1764.jpg	1	0	0	0	0	0	0	0	0
1344.jpg	1	0	0	0	0	0	0	0	0
2718.jpg	1	0	0	0	0	0	0	0	0
2739.jpg	1	0	0	0	0	0	0	0	0
2140.jpg	1	0	0	0	0	0	0	0	0
1110.jpg	1	0	0	0	0	0	0	0	0
2862.jpg	1	0	0	0	0	0	0	0	0
1432.jpg	1	0	0	0	0	0	0	0	0
1597.jpg	1	0	0	0	0	0	0	0	0
2019.jpg	1	0	0	0	0	0	0	0	0
1665.jpg	1	0	0	0	0	0	0	0	0
1442.jpg	1	0	0	0	0	0	0	0	0
1486.jpg	1	0	0	0	0	0	0	0	0
180.jpg	1	0	0	0	0	0	0	0	0
1364.jpg	1	0	0	0	0	0	0	0	0
1400.jpg	1	0	0	0	0	0	0	0	0
216.jpg	1	0	0	0	0	0	0	0	0
158.jpg	1	0	0	0	0	0	0	0	0
1127.jpg	1	0	0	0	0	0	0	0	0
2825.jpg	1	0	0	0	0	0	0	0	0
1601.jpg	1	0	0	0	0	0	0	0	0
153.jpg	1	0	0	0	0	0	0	0	0
2185.jpg	1	0	0	0	0	0	0	0	0
2127.jpg	1	0	0	0	0	0	0	0	0
16.jpg	1	0	0	0	0	0	0	0	0
452.jpg	1	0	0	0	0	0	0	0	0
1145.jpg	1	0	0	0	0	0	0	0	0
1769.jpg	1	0	0	0	0	0	0	0	0
1397.jpg	1	0	0	0	0	0	0	0	0
2708.jpg	1	0	0	0	0	0	0	0	0
560.jpg	1	0	0	0	0	0	0	0	0
2719.jpg	1	0	0	0	0	0	0	0	0
1908.jpg	1	0	0	0	0	0	0	0	0
1008.jpg	1	0	0	0	0	0	0	0	0
2059.jpg	1	0	0	0	0	0	0	0	0
1164.jpg	1	0	0	0	0	0	0	0	0
1619.jpg	1	0	0	0	0	0	0	0	0
1122.jpg	1	0	0	0	0	0	0	0	0
2650.jpg	1	0	0	0	0	0	0	0	0
1551.jpg	1	0	0	0	0	0	0	0	0
1846.jpg	1	0	0	0	0	0	0	0	0
2694.jpg	1	0	0	0	0	0	0	0	0
1999.jpg	1	0	0	0	0	0	0	0	0
2120.jpg	1	0	0	0	0	0	0	0	0
1094.jpg	1	0	0	0	0	0	0	0	0
1967.jpg	1	0	0	0	0	0	0	0	0
996.jpg	1	0	0	0	0	0	0	0	0
56.jpg	1	0	0	0	0	0	0	0	0
2729.jpg	1	0	0	0	0	0	0	0	0
1485.jpg	1	0	0	0	0	0	0	0	0
1034.jpg	1	0	0	0	0	0	0	0	0
1573.jpg	1	0	0	0	0	0	0	0	0
320.jpg	1	0	0	0	0	0	0	0	0
267.jpg	1	0	0	0	0	0	0	0	0
1390.jpg	1	0	0	0	0	0	0	0	0
1067.jpg	1	0	0	0	0	0	0	0	0
1739.jpg	1	0	0	0	0	0	0	0	0
1895.jpg	1	0	0	0	0	0	0	0	0
1836.jpg	1	0	0	0	0	0	0	0	0
1620.jpg	1	0	0	0	0	0	0	0	0
1431.jpg	1	0	0	0	0	0	0	0	0
1256.jpg	1	0	0	0	0	0	0	0	0
1276.jpg	1	0	0	0	0	0	0	0	0
1700.jpg	1	0	0	0	0	0	0	0	0
2803.jpg	1	0	0	0	0	0	0	0	0
1254.jpg	1	0	0	0	0	0	0	0	0
2851.jpg	1	0	0	0	0	0	0	0	0
1343.jpg	1	0	0	0	0	0	0	0	0
1592.jpg	1	0	0	0	0	0	0	0	0
1607.jpg	1	0	0	0	0	0	0	0	0
1069.jpg	1	0	0	0	0	0	0	0	0
97.jpg	1	0	0	0	0	0	0	0	0
2888.jpg	1	0	0	0	0	0	0	0	0
67.jpg	1	0	0	0	0	0	0	0	0
480.jpg	1	0	0	0	0	0	0	0	0
1146.jpg	1	0	0	0	0	0	0	0	0
1937.jpg	1	0	0	0	0	0	0	0	0
2034.jpg	1	0	0	0	0	0	0	0	0
1091.jpg	1	0	0	0	0	0	0	0	0
912.jpg	1	0	0	0	0	0	0	0	0
1000.jpg	1	0	0	0	0	0	0	0	0
2746.jpg	1	0	0	0	0	0	0	0	0
2221.jpg	1	0	0	0	0	0	0	0	0
1150.jpg	1	0	0	0	0	0	0	0	0
1232.jpg	1	0	0	0	0	0	0	0	0
1174.jpg	1	0	0	0	0	0	0	0	0
2714.jpg	1	0	0	0	0	0	0	0	0
2287.jpg	1	0	0	0	0	0	0	0	0
2814.jpg	1	0	0	0	0	0	0	0	0
18.jpg	1	0	0	0	0	0	0	0	0
1777.jpg	1	0	0	0	0	0	0	0	0
1427.jpg	1	0	0	0	0	0	0	0	0
2852.jpg	1	0	0	0	0	0	0	0	0
1247.jpg	1	0	0	0	0	0	0	0	0
1059.jpg	1	0	0	0	0	0	0	0	0
154.jpg	1	0	0	0	0	0	0	0	0
1825.jpg	1	0	0	0	0	0	0	0	0
270.jpg	1	0	0	0	0	0	0	0	0
1613.jpg	1	0	0	0	0	0	0	0	0
1598.jpg	1	0	0	0	0	0	0	0	0
1866.jpg	1	0	0	0	0	0	0	0	0
2084.jpg	1	0	0	0	0	0	0	0	0
2741.jpg	1	0	0	0	0	0	0	0	0
406.jpg	1	0	0	0	0	0	0	0	0
1687.jpg	1	0	0	0	0	0	0	0	0
144.jpg	1	0	0	0	0	0	0	0	0
1802.jpg	1	0	0	0	0	0	0	0	0
1461.jpg	1	0	0	0	0	0	0	0	0
1312.jpg	1	0	0	0	0	0	0	0	0
1198.jpg	1	0	0	0	0	0	0	0	0
1492.jpg	1	0	0	0	0	0	0	0	0
1443.jpg	1	0	0	0	0	0	0	0	0
2220.jpg	1	0	0	0	0	0	0	0	0
1133.jpg	1	0	0	0	0	0	0	0	0
1290.jpg	1	0	0	0	0	0	0	0	0
1297.jpg	1	0	0	0	0	0	0	0	0
1185.jpg	1	0	0	0	0	0	0	0	0
1542.jpg	1	0	0	0	0	0	0	0	0
1814.jpg	1	0	0	0	0	0	0	0	0
1197.jpg	1	0	0	0	0	0	0	0	0
38.jpg	1	0	0	0	0	0	0	0	0
1733.jpg	1	0	0	0	0	0	0	0	0
2866.jpg	1	0	0	0	0	0	0	0	0
2804.jpg	1	0	0	0	0	0	0	0	0
2643.jpg	0	0	0	0	1	0	0	0	0
654.jpg	0	1	0	0	0	0	0	0	0
2347.jpg	0	1	0	0	0	0	0	0	0
901.jpg	0	1	0	0	1	0	0	0	0
2916.jpg	0	0	0	1	0	0	0	0	0
2483.jpg	0	1	0	1	0	0	0	0	0
797.jpg	0	0	0	0	1	0	0	0	0
643.jpg	0	1	0	0	0	0	0	0	0
753.jpg	0	0	0	1	0	0	0	0	0
2354.jpg	0	1	0	0	0	0	0	0	0
715.jpg	0	1	0	1	0	0	0	0	0
747.jpg	0	1	0	1	0	0	0	0	0
892.jpg	0	1	0	0	0	0	0	0	0
2630.jpg	0	1	0	1	0	0	0	0	0
927.jpg	0	0	0	0	1	0	0	0	0
536.jpg	0	1	0	1	0	0	0	0	0
2345.jpg	0	1	0	0	0	0	0	0	0
3001.jpg	0	1	1	0	0	0	0	0	0
2312.jpg	0	1	0	0	0	0	0	0	0
2553.jpg	0	1	0	0	0	0	0	0	0
731.jpg	0	0	0	0	1	0	0	0	0
477.jpg	0	0	0	0	1	0	0	0	0
2256.jpg	0	0	0	0	1	0	0	0	0
2415.jpg	0	1	0	1	0	0	0	0	0
611.jpg	0	1	0	0	0	0	0	0	0
2529.jpg	0	0	0	1	1	0	0	0	0
664.jpg	0	1	0	0	0	0	0	0	0
1178.jpg	0	0	0	1	0	0	0	0	0
1049.jpg	0	0	0	1	0	0	0	0	0
1118.jpg	0	0	0	1	0	0	0	0	0
431.jpg	0	1	0	0	0	0	0	0	0
2340.jpg	0	1	0	0	0	0	0	0	0
594.jpg	0	0	0	1	0	0	0	0	0
1283.jpg	0	0	0	0	1	0	0	0	0
744.jpg	0	0	0	0	1	0	0	0	0
1333.jpg	0	0	0	0	1	0	0	0	0
2622.jpg	0	1	0	1	0	0	0	0	0
1934.jpg	0	0	0	0	1	0	0	0	0
2586.jpg	0	1	0	0	0	0	0	0	0
2985.jpg	0	0	1	0	0	0	0	0	0
1104.jpg	0	1	0	0	0	0	0	0	0
457.jpg	0	1	0	0	0	0	0	0	0
2575.jpg	0	1	0	1	0	0	0	0	0
568.jpg	0	1	0	0	0	0	0	0	0
2557.jpg	0	1	0	0	0	0	0	0	0
2328.jpg	0	1	0	0	0	0	0	0	0
2817.jpg	0	0	0	0	1	0	0	0	0
465.jpg	0	1	0	0	0	0	0	0	0
2584.jpg	0	0	0	1	0	0	0	0	0
663.jpg	0	1	0	0	1	0	0	0	0
993.jpg	0	1	0	0	0	0	0	0	0
2946.jpg	0	0	1	0	0	0	0	0	0
2576.jpg	0	1	0	1	0	0	0	0	0
1204.jpg	0	0	0	1	0	0	0	0	0
644.jpg	0	0	0	0	1	0	0	0	0
2342.jpg	0	1	0	0	0	0	0	0	0
296.jpg	0	0	0	0	1	0	0	0	0
593.jpg	0	1	0	1	0	0	0	0	0
655.jpg	0	0	0	1	0	0	0	0	0
665.jpg	0	1	0	0	0	0	0	0	0
2974.jpg	0	1	1	0	0	0	0	0	0
2994.jpg	0	0	1	0	0	0	0	0	0
2951.jpg	0	0	1	0	0	0	0	0	0
1360.jpg	0	1	0	1	0	0	0	0	0
2927.jpg	0	1	1	0	0	0	0	0	0
1780.jpg	0	0	0	0	1	0	0	0	0
498.jpg	0	0	0	0	1	0	0	0	0
2980.jpg	0	0	1	0	0	0	0	0	0
1843.jpg	0	0	0	0	1	0	0	0	0
2255.jpg	0	0	0	0	1	0	0	0	0
2517.jpg	0	0	0	1	0	0	0	0	0
2827.jpg	0	0	0	0	1	0	0	0	0
592.jpg	0	1	0	0	0	0	0	0	0
895.jpg	0	0	0	0	1	0	0	0	0
2659.jpg	0	0	0	1	0	0	0	0	0
2794.jpg	0	0	0	0	1	0	0	0	0
2398.jpg	0	1	0	0	0	0	0	0	0
1971.jpg	0	1	0	0	0	0	0	0	0
764.jpg	0	1	0	1	0	0	0	0	0
2343.jpg	0	1	0	0	0	0	0	0	0
427.jpg	0	1	0	1	0	0	0	0	0
1224.jpg	0	1	0	0	1	0	0	0	0
1922.jpg	0	1	0	0	1	0	0	0	0
952.jpg	0	0	0	0	1	0	0	0	0
2595.jpg	0	0	0	0	1	0	0	0	0
2386.jpg	0	1	0	0	0	0	0	0	0
313.jpg	0	0	0	1	0	0	0	0	0
100.jpg	0	0	0	0	1	0	0	0	0
2750.jpg	0	0	0	0	1	0	0	0	0
1845.jpg	0	0	0	0	1	0	0	0	0
2615.jpg	0	0	0	0	1	0	0	0	0
718.jpg	0	1	0	0	0	0	0	0	0
1179.jpg	0	1	0	0	0	0	0	0	0
767.jpg	0	0	0	0	1	0	0	0	0
1071.jpg	0	0	0	0	1	0	0	0	0
2677.jpg	0	0	0	1	0	0	0	0	0
2504.jpg	0	1	0	0	0	0	0	0	0
839.jpg	0	0	0	1	0	0	0	0	0
1036.jpg	0	0	0	0	1	0	0	0	0
1548.jpg	0	1	0	1	0	0	0	0	0
470.jpg	0	0	0	1	0	0	0	0	0
2945.jpg	0	0	1	0	0	0	0	0	0
2320.jpg	0	1	0	0	0	0	0	0	0
1137.jpg	0	1	0	0	0	0	0	0	0
636.jpg	0	1	0	0	0	0	0	0	0
2245.jpg	0	1	0	0	0	0	0	0	0
2928.jpg	0	1	1	0	0	0	0	0	0
1289.jpg	0	0	0	1	0	0	0	0	0
620.jpg	0	0	0	0	1	0	0	0	0
2448.jpg	0	1	0	0	0	0	0	0	0
2271.jpg	0	0	0	1	0	0	0	0	0
2593.jpg	0	0	0	1	0	0	0	0	0
2651.jpg	0	0	0	0	1	0	0	0	0
828.jpg	0	0	0	0	1	0	0	0	0
1012.jpg	0	0	0	0	1	0	0	0	0
885.jpg	0	1	0	1	0	0	0	0	0
2660.jpg	0	0	0	0	1	0	0	0	0
488.jpg	0	1	0	0	0	0	0	0	0
2338.jpg	0	1	0	1	0	0	0	0	0
601.jpg	0	1	0	1	0	0	0	0	0
2656.jpg	0	0	0	0	1	0	0	0	0
1881.jpg	0	1	0	0	0	0	0	0	0
2298.jpg	0	0	0	0	1	0	0	0	0
533.jpg	0	0	0	1	0	0	0	0	0
807.jpg	0	0	0	0	1	0	0	0	0
770.jpg	0	0	0	1	0	0	0	0	0
400.jpg	0	1	0	0	1	0	0	0	0
820.jpg	0	0	0	0	1	0	0	0	0
2430.jpg	0	1	0	0	0	0	0	0	0
2391.jpg	0	1	0	0	0	0	0	0	0
929.jpg	0	1	0	0	0	0	0	0	0
2648.jpg	0	0	0	0	1	0	0	0	0
433.jpg	0	1	0	0	0	0	0	0	0
2569.jpg	0	1	0	1	0	0	0	0	0
648.jpg	0	1	0	0	0	0	0	0	0
2947.jpg	0	0	1	0	0	0	0	0	0
2581.jpg	0	1	0	0	0	0	0	0	0
2964.jpg	0	1	1	0	0	0	0	0	0
2353.jpg	0	1	0	0	0	0	0	0	0
2821.jpg	0	0	0	1	0	0	0	0	0
1126.jpg	0	1	0	1	0	0	0	0	0
1385.jpg	0	1	0	1	0	0	0	0	0
461.jpg	0	1	0	1	0	0	0	0	0
612.jpg	0	1	0	0	0	0	0	0	0
2436.jpg	0	1	0	0	0	0	0	0	0
2538.jpg	0	0	0	1	0	0	0	0	0
733.jpg	0	0	0	1	0	0	0	0	0
280.jpg	0	1	0	0	0	0	0	0	0
2431.jpg	0	0	0	1	0	0	0	0	0
566.jpg	0	1	0	0	0	0	0	0	0
1531.jpg	0	0	0	0	1	0	0	0	0
1378.jpg	0	0	0	1	0	0	0	0	0
911.jpg	0	1	0	0	0	0	0	0	0
778.jpg	0	0	0	1	0	0	0	0	0
507.jpg	0	1	0	0	0	0	0	0	0
284.jpg	0	0	0	0	1	0	0	0	0
2690.jpg	0	0	0	1	0	0	0	0	0
2525.jpg	0	0	0	1	0	0	0	0	0
861.jpg	0	0	0	0	1	0	0	0	0
840.jpg	0	0	0	1	0	0	0	0	0
857.jpg	0	0	0	0	1	0	0	0	0
1201.jpg	0	1	0	0	1	0	0	0	0
2491.jpg	0	0	0	1	0	0	0	0	0
2688.jpg	0	0	0	0	1	0	0	0	0
691.jpg	0	1	0	1	0	0	0	0	0
2623.jpg	0	1	0	0	0	0	0	0	0
684.jpg	0	1	0	0	0	0	0	0	0
591.jpg	0	1	0	0	1	0	0	0	0
2226.jpg	0	0	0	1	0	0	0	0	0
847.jpg	0	0	0	1	0	0	0	0	0
1982.jpg	0	1	0	0	0	0	0	0	0
931.jpg	0	0	0	0	1	0	0	0	0
745.jpg	0	0	0	1	0	0	0	0	0
2318.jpg	0	1	0	0	0	0	0	0	0
2324.jpg	0	1	0	0	0	0	0	0	0
1779.jpg	0	0	0	0	1	0	0	0	0
2683.jpg	0	1	0	1	0	0	0	0	0
1770.jpg	0	0	0	1	0	0	0	0	0
2296.jpg	0	1	0	0	0	0	0	0	0
426.jpg	0	1	0	0	0	0	0	0	0
640.jpg	0	0	0	0	1	0	0	0	0
2633.jpg	0	1	0	1	0	0	0	0	0
916.jpg	0	1	0	0	0	0	0	0	0
2555.jpg	0	1	0	0	0	0	0	0	0
2987.jpg	0	0	1	0	0	0	0	0	0
864.jpg	0	0	0	0	1	0	0	0	0
795.jpg	0	0	0	0	1	0	0	0	0
2368.jpg	0	1	0	1	0	0	0	0	0
2509.jpg	0	1	0	1	0	0	0	0	0
2282.jpg	0	1	0	0	0	0	0	0	0
2458.jpg	0	0	0	1	0	0	0	0	0
2512.jpg	0	0	0	1	0	0	0	0	0
675.jpg	0	1	0	1	0	0	0	0	0
2697.jpg	0	0	0	1	0	0	0	0	0
2973.jpg	0	0	1	0	0	0	0	0	0
661.jpg	0	1	0	1	0	0	0	0	0
879.jpg	0	0	0	0	1	0	0	0	0
882.jpg	0	1	0	0	0	0	0	0	0
633.jpg	0	1	0	0	0	0	0	0	0
794.jpg	0	0	0	0	1	0	0	0	0
2940.jpg	0	0	1	0	0	0	0	0	0
902.jpg	0	1	0	0	0	0	0	0	0
2570.jpg	0	0	0	1	0	0	0	0	0
596.jpg	0	0	0	1	0	0	0	0	0
2488.jpg	0	0	0	1	0	0	0	0	0
1925.jpg	0	0	0	0	1	0	0	0	0
2510.jpg	0	0	0	1	0	0	0	0	0
898.jpg	0	0	0	0	1	0	0	0	0
538.jpg	0	0	0	1	0	0	0	0	0
2385.jpg	0	1	0	1	0	0	0	0	0
2493.jpg	0	1	0	1	0	0	0	0	0
2667.jpg	0	0	0	1	0	0	0	0	0
818.jpg	0	0	0	1	0	0	0	0	0
2523.jpg	0	1	0	1	0	0	0	0	0
2513.jpg	0	0	0	1	0	0	0	0	0
2494.jpg	0	0	0	1	0	0	0	0	0
501.jpg	0	1	0	1	0	0	0	0	0
1994.jpg	0	0	0	0	1	0	0	0	0
1336.jpg	0	0	0	0	1	0	0	0	0
884.jpg	0	0	0	0	1	0	0	0	0
2319.jpg	0	1	0	0	0	0	0	0	0
2352.jpg	0	1	0	0	0	0	0	0	0
1469.jpg	0	1	0	1	0	0	0	0	0
2582.jpg	0	1	0	0	0	0	0	0	0
712.jpg	0	0	0	1	0	0	0	0	0
814.jpg	0	0	0	1	0	0	0	0	0
1271.jpg	0	0	0	1	0	0	0	0	0
752.jpg	0	1	0	1	0	0	0	0	0
552.jpg	0	1	0	0	0	0	0	0	0
136.jpg	0	1	0	0	0	0	0	0	0
2597.jpg	0	1	0	1	0	0	0	0	0
2957.jpg	0	0	1	0	0	0	0	0	0
887.jpg	0	0	0	0	1	0	0	0	0
2542.jpg	0	0	0	1	0	0	0	0	0
899.jpg	0	1	0	0	0	0	0	0	0
2554.jpg	0	1	0	0	0	0	0	0	0
2996.jpg	0	0	1	0	0	0	0	0	0
980.jpg	0	0	0	1	0	0	0	0	0
621.jpg	0	1	0	0	0	0	0	0	0
2330.jpg	0	1	0	0	0	0	0	0	0
2358.jpg	0	1	0	1	0	0	0	0	0
976.jpg	0	1	0	0	0	0	0	0	0
1821.jpg	0	0	0	0	1	0	0	0	0
991.jpg	0	1	0	0	0	0	0	0	0
2844.jpg	0	1	0	0	0	0	0	0	0
2440.jpg	0	1	0	0	0	0	0	0	0
2399.jpg	0	1	0	0	1	0	0	0	0
1193.jpg	0	1	0	0	0	0	0	0	0
2696.jpg	0	0	0	0	1	0	0	0	0
908.jpg	0	0	0	0	1	0	0	0	0
2138.jpg	0	1	0	0	0	0	0	0	0
938.jpg	0	0	0	0	1	0	0	0	0
2322.jpg	0	1	0	0	0	0	0	0	0
2315.jpg	0	1	0	1	0	0	0	0	0
2333.jpg	0	1	0	1	0	0	0	0	0
2355.jpg	0	1	0	0	0	0	0	0	0
883.jpg	0	0	0	0	1	0	0	0	0
471.jpg	0	0	0	1	0	0	0	0	0
2970.jpg	0	1	1	0	0	0	0	0	0
2926.jpg	0	1	0	0	0	0	0	0	0
674.jpg	0	1	0	0	0	0	0	0	0
1706.jpg	0	1	0	0	0	0	0	0	0
2969.jpg	0	0	1	1	0	0	0	0	0
725.jpg	0	1	0	0	0	0	0	0	0
584.jpg	0	0	0	0	1	0	0	0	0
956.jpg	0	1	0	0	1	0	0	0	0
1919.jpg	0	0	0	0	1	0	0	0	0
2481.jpg	0	1	0	1	0	0	0	0	0
2425.jpg	0	1	0	1	0	0	0	0	0
724.jpg	0	0	0	0	1	0	0	0	0
2149.jpg	0	1	0	1	0	0	0	0	0
420.jpg	0	1	0	0	0	0	0	0	0
2991.jpg	0	0	1	0	0	0	0	0	0
2311.jpg	0	1	0	0	0	0	0	0	0
2.jpg	0	1	0	1	0	0	0	0	0
2968.jpg	0	0	1	0	0	0	0	0	0
454.jpg	0	0	0	1	0	0	0	0	0
1837.jpg	0	0	0	0	1	0	0	0	0
286.jpg	0	0	0	0	1	0	0	0	0
580.jpg	0	1	0	0	0	0	0	0	0
2560.jpg	0	1	0	0	0	0	0	0	0
2590.jpg	0	1	0	1	0	0	0	0	0
505.jpg	0	1	0	0	0	0	0	0	0
1748.jpg	0	0	0	0	1	0	0	0	0
2768.jpg	0	0	0	0	1	0	0	0	0
2737.jpg	0	0	0	0	1	0	0	0	0
760.jpg	0	0	0	0	1	0	0	0	0
990.jpg	0	1	0	0	0	0	0	0	0
2376.jpg	0	1	0	0	0	0	0	0	0
2301.jpg	0	1	0	0	0	0	0	0	0
2646.jpg	0	0	0	1	0	0	0	0	0
474.jpg	0	1	0	1	0	0	0	0	0
971.jpg	0	1	0	0	0	0	0	0	0
685.jpg	0	1	0	1	0	0	0	0	0
2407.jpg	0	0	0	0	1	0	0	0	0
625.jpg	0	1	0	1	0	0	0	0	0
558.jpg	0	0	0	1	0	0	0	0	0
535.jpg	0	0	0	0	1	0	0	0	0
854.jpg	0	1	0	0	0	0	0	0	0
2490.jpg	0	0	0	1	0	0	0	0	0
2377.jpg	0	1	0	0	0	0	0	0	0
2607.jpg	0	0	0	1	0	0	0	0	0
2535.jpg	0	0	0	1	0	0	0	0	0
688.jpg	0	1	0	0	0	0	0	0	0
2954.jpg	0	0	1	0	0	0	0	0	0
702.jpg	0	0	0	1	0	0	0	0	0
2378.jpg	0	1	0	0	0	0	0	0	0
1482.jpg	0	0	0	1	0	0	0	0	0
930.jpg	0	0	0	0	1	0	0	0	0
2963.jpg	0	0	1	0	0	0	0	0	0
2371.jpg	0	1	0	1	0	0	0	0	0
728.jpg	0	1	0	0	0	0	0	0	0
649.jpg	0	1	0	0	0	0	0	0	0
692.jpg	0	1	0	1	0	0	0	0	0
2434.jpg	0	1	0	1	0	0	0	0	0
122.jpg	0	0	0	1	0	0	0	0	0
934.jpg	0	1	0	1	0	0	0	0	0
559.jpg	0	1	0	1	0	0	0	0	0
2004.jpg	0	1	0	1	0	0	0	0	0
2539.jpg	0	0	0	1	0	0	0	0	0
2492.jpg	0	0	0	1	0	0	0	0	0
440.jpg	0	0	0	1	0	0	0	0	0
726.jpg	0	1	0	1	0	0	0	0	0
891.jpg	0	1	0	0	0	0	0	0	0
577.jpg	0	1	0	0	0	0	0	0	0
527.jpg	0	1	0	0	0	0	0	0	0
651.jpg	0	0	0	1	0	0	0	0	0
986.jpg	0	0	0	1	0	0	0	0	0
1526.jpg	0	0	0	1	0	0	0	0	0
2740.jpg	0	0	0	0	1	0	0	0	0
369.jpg	0	1	0	0	0	0	0	0	0
2471.jpg	0	0	0	1	0	0	0	0	0
2605.jpg	0	0	0	0	1	0	0	0	0
2559.jpg	0	0	0	1	0	0	0	0	0
2252.jpg	0	1	0	0	0	0	0	0	0
2599.jpg	0	1	0	1	0	0	0	0	0
2958.jpg	0	0	1	0	0	0	0	0	0
58.jpg	0	0	0	1	0	0	0	0	0
174.jpg	0	1	0	0	0	0	0	0	0
1859.jpg	0	1	0	0	0	0	0	0	0
704.jpg	0	1	0	0	0	0	0	0	0
517.jpg	0	0	0	0	1	0	0	0	0
937.jpg	0	1	0	0	0	0	0	0	0
719.jpg	0	1	0	0	0	0	0	0	0
1337.jpg	0	1	0	1	0	0	0	0	0
608.jpg	0	1	0	0	0	0	0	0	0
2625.jpg	0	0	0	1	0	0	0	0	0
1604.jpg	0	1	0	0	0	0	0	0	0
780.jpg	0	1	0	0	0	0	0	0	0
915.jpg	0	0	0	0	1	0	0	0	0
2931.jpg	0	0	1	0	0	0	0	0	0
1730.jpg	0	0	0	0	1	0	0	0	0
689.jpg	0	1	0	0	0	0	0	0	0
742.jpg	0	0	0	1	0	0	0	0	0
2620.jpg	0	1	0	1	0	0	0	0	0
3005.jpg	0	1	1	1	0	0	0	0	0
2429.jpg	0	1	0	1	0	0	0	0	0
390.jpg	0	1	0	0	0	0	0	0	0
1932.jpg	0	1	0	0	0	0	0	0	0
2441.jpg	0	1	0	0	0	0	0	0	0
2669.jpg	0	0	0	1	0	0	0	0	0
2360.jpg	0	1	0	0	0	0	0	0	0
2614.jpg	0	1	0	0	0	0	0	0	0
2705.jpg	0	0	0	1	0	0	0	0	0
449.jpg	0	0	0	1	0	0	0	0	0
254.jpg	0	0	0	0	1	0	0	0	0
965.jpg	0	0	0	1	0	0	0	0	0
2850.jpg	0	1	0	1	0	0	0	0	0
732.jpg	0	1	0	0	1	0	0	0	0
2105.jpg	0	1	0	0	0	0	0	0	0
2305.jpg	0	1	0	0	0	0	0	0	0
583.jpg	0	1	0	0	0	0	0	0	0
736.jpg	0	1	0	0	0	0	0	0	0
1509.jpg	0	0	0	0	1	0	0	0	0
2579.jpg	0	1	0	1	0	0	0	0	0
2937.jpg	0	1	1	0	0	0	0	0	0
2060.jpg	0	1	0	0	0	0	0	0	0
730.jpg	0	1	0	0	0	0	0	0	0
579.jpg	0	0	0	0	1	0	0	0	0
404.jpg	0	1	0	0	0	0	0	0	0
765.jpg	0	0	0	0	1	0	0	0	0
614.jpg	0	0	0	0	1	0	0	0	0
2015.jpg	0	1	0	0	0	0	0	0	0
953.jpg	0	1	0	0	0	0	0	0	0
705.jpg	0	1	0	0	0	0	0	0	0
510.jpg	0	1	0	0	0	0	0	0	0
2828.jpg	0	1	0	1	0	0	0	0	0
391.jpg	0	1	0	0	0	0	0	0	0
578.jpg	0	0	0	0	1	0	0	0	0
1584.jpg	0	1	0	0	0	0	0	0	0
1993.jpg	0	1	0	0	0	0	0	0	0
113.jpg	0	1	0	1	0	0	0	0	0
2861.jpg	0	0	0	1	0	0	0	0	0
292.jpg	0	1	0	0	0	0	0	0	0
2452.jpg	0	1	0	1	0	0	0	0	0
827.jpg	0	0	0	1	0	0	0	0	0
2685.jpg	0	0	0	1	0	0	0	0	0
722.jpg	0	1	0	1	0	0	0	0	0
2321.jpg	0	1	0	0	0	0	0	0	0
1871.jpg	0	0	0	0	1	0	0	0	0
2160.jpg	0	1	0	0	0	0	0	0	0
2477.jpg	0	0	0	1	0	0	0	0	0
545.jpg	0	0	0	0	1	0	0	0	0
972.jpg	0	1	0	0	0	0	0	0	0
701.jpg	0	1	0	1	0	0	0	0	0
2698.jpg	0	1	0	0	0	0	0	0	0
1936.jpg	0	0	0	0	1	0	0	0	0
988.jpg	0	1	0	0	0	0	0	0	0
2673.jpg	0	0	0	1	0	0	0	0	0
1382.jpg	0	1	0	1	0	0	0	0	0
2930.jpg	0	0	1	0	0	0	0	0	0
2485.jpg	0	0	0	1	0	0	0	0	0
699.jpg	0	0	0	1	0	0	0	0	0
500.jpg	0	1	0	0	0	0	0	0	0
2068.jpg	0	1	0	0	0	0	0	0	0
841.jpg	0	1	0	1	0	0	0	0	0
2700.jpg	0	0	0	1	0	0	0	0	0
2193.jpg	0	1	0	0	0	0	0	0	0
1182.jpg	0	1	0	0	0	0	0	0	0
918.jpg	0	1	0	0	0	0	0	0	0
489.jpg	0	1	0	1	0	0	0	0	0
641.jpg	0	1	0	1	0	0	0	0	0
634.jpg	0	1	0	0	0	0	0	0	0
954.jpg	0	0	0	0	1	0	0	0	0
530.jpg	0	1	0	0	0	0	0	0	0
2942.jpg	0	1	1	1	0	0	0	0	0
2442.jpg	0	1	0	0	0	0	0	0	0
2664.jpg	0	0	0	0	1	0	0	0	0
2608.jpg	0	1	0	1	0	0	0	0	0
2516.jpg	0	1	0	0	0	0	0	0	0
414.jpg	0	1	0	0	0	0	0	0	0
2422.jpg	0	1	0	1	0	0	0	0	0
476.jpg	0	1	0	1	0	0	0	0	0
2115.jpg	0	1	0	1	0	0	0	0	0
1014.jpg	0	0	0	0	1	0	0	0	0
788.jpg	0	0	0	0	1	0	0	0	0
616.jpg	0	1	0	1	0	0	0	0	0
2496.jpg	0	0	0	1	0	0	0	0	0
606.jpg	0	1	0	0	0	0	0	0	0
2390.jpg	0	1	0	0	0	0	0	0	0
429.jpg	0	1	0	0	0	0	0	0	0
401.jpg	0	1	0	0	0	0	0	0	0
2944.jpg	0	1	1	0	0	0	0	0	0
713.jpg	0	0	0	1	0	0	0	0	0
1605.jpg	0	0	0	0	1	0	0	0	0
2644.jpg	0	0	0	1	0	0	0	0	0
1876.jpg	0	0	0	0	1	0	0	0	0
574.jpg	0	1	0	0	0	0	0	0	0
2171.jpg	0	1	0	0	0	0	0	0	0
377.jpg	0	0	0	1	0	0	0	0	0
851.jpg	0	1	0	0	0	0	0	0	0
2365.jpg	0	1	0	1	0	0	0	0	0
410.jpg	0	1	0	0	0	0	0	0	0
2533.jpg	0	0	0	1	0	0	0	0	0
2339.jpg	0	1	0	1	0	0	0	0	0
734.jpg	0	1	0	0	0	0	0	0	0
819.jpg	0	1	0	0	0	0	0	0	0
2258.jpg	0	0	0	0	1	0	0	0	0
514.jpg	0	1	0	0	1	0	0	0	0
829.jpg	0	1	0	0	0	0	0	0	0
1819.jpg	0	0	0	0	1	0	0	0	0
935.jpg	0	1	0	1	0	0	0	0	0
657.jpg	0	1	0	0	0	0	0	0	0
1602.jpg	0	0	0	0	1	0	0	0	0
2989.jpg	0	1	1	1	0	0	0	0	0
618.jpg	0	1	0	0	0	0	0	0	0
1847.jpg	0	0	0	0	1	0	0	0	0
949.jpg	0	1	0	0	0	0	0	0	0
2767.jpg	0	0	0	0	1	0	0	0	0
737.jpg	0	0	0	0	1	0	0	0	0
543.jpg	0	1	0	0	0	0	0	0	0
393.jpg	0	1	0	0	0	0	0	0	0
1426.jpg	0	1	0	1	0	0	0	0	0
1223.jpg	0	0	0	0	1	0	0	0	0
920.jpg	0	1	0	0	0	0	0	0	0
2544.jpg	0	0	0	1	0	0	0	0	0
2414.jpg	0	1	0	0	0	0	0	0	0
2295.jpg	0	1	0	0	0	0	0	0	0
822.jpg	0	1	0	0	0	0	0	0	0
278.jpg	0	0	0	0	1	0	0	0	0
808.jpg	0	0	0	0	1	0	0	0	0
2972.jpg	0	1	1	0	0	0	0	0	0
2392.jpg	0	1	0	1	0	0	0	0	0
2408.jpg	0	0	0	0	1	0	0	0	0
2389.jpg	0	1	0	0	0	0	0	0	0
978.jpg	0	0	0	1	0	0	0	0	0
585.jpg	0	1	0	0	0	0	0	0	0
743.jpg	0	1	0	1	0	0	0	0	0
681.jpg	0	1	0	1	0	0	0	0	0
2329.jpg	0	1	0	0	0	0	0	0	0
709.jpg	0	1	0	0	0	0	0	0	0
541.jpg	0	1	0	0	0	0	0	0	0
451.jpg	0	0	0	1	0	0	0	0	0
941.jpg	0	1	0	1	0	0	0	0	0
1060.jpg	0	0	0	1	0	0	0	0	0
2029.jpg	0	1	0	0	0	0	0	0	0
2960.jpg	0	0	1	0	0	0	0	0	0
2657.jpg	0	0	0	0	1	0	0	0	0
587.jpg	0	1	0	0	0	0	0	0	0
2043.jpg	0	0	0	0	1	0	0	0	0
2578.jpg	0	1	0	0	0	0	0	0	0
2717.jpg	0	0	0	1	0	0	0	0	0
2362.jpg	0	1	0	1	0	0	0	0	0
2479.jpg	0	0	0	1	0	0	0	0	0
1705.jpg	0	1	0	0	0	0	0	0	0
279.jpg	0	0	0	0	1	0	0	0	0
1916.jpg	0	1	0	0	0	0	0	0	0
853.jpg	0	1	0	0	0	0	0	0	0
2403.jpg	0	1	0	0	0	0	0	0	0
2446.jpg	0	1	0	0	0	0	0	0	0
834.jpg	0	1	0	0	0	0	0	0	0
3006.jpg	0	1	1	0	0	0	0	0	0
889.jpg	0	1	0	0	0	0	0	0	0
2402.jpg	0	1	0	0	1	0	0	0	0
2327.jpg	0	1	0	0	0	0	0	0	0
176.jpg	0	1	0	0	0	0	0	0	0
2257.jpg	0	0	0	0	1	0	0	0	0
1637.jpg	0	0	0	0	1	0	0	0	0
1409.jpg	0	0	0	1	0	0	0	0	0
563.jpg	0	0	0	0	1	0	0	0	0
639.jpg	0	1	0	0	0	0	0	0	0
2372.jpg	0	1	0	0	0	0	0	0	0
790.jpg	0	1	0	0	0	0	0	0	0
846.jpg	0	0	0	0	1	0	0	0	0
80.jpg	0	0	0	1	0	0	0	0	0
723.jpg	0	1	0	1	0	0	0	0	0
1759.jpg	0	1	0	1	0	0	0	0	0
632.jpg	0	1	0	0	0	0	0	0	0
848.jpg	0	1	0	0	0	0	0	0	0
557.jpg	0	1	0	1	0	0	0	0	0
2380.jpg	0	1	0	1	0	0	0	0	0
2116.jpg	0	1	0	1	0	0	0	0	0
877.jpg	0	1	0	0	0	0	0	0	0
2447.jpg	0	1	0	0	0	0	0	0	0
1504.jpg	0	1	0	0	0	0	0	0	0
15.jpg	0	0	0	1	0	0	0	0	0
766.jpg	0	1	0	0	0	0	0	0	0
2816.jpg	0	0	0	1	0	0	0	0	0
1654.jpg	0	0	0	0	1	0	0	0	0
397.jpg	0	1	0	0	0	0	0	0	0
2522.jpg	0	0	0	1	0	0	0	0	0
2334.jpg	0	1	0	1	0	0	0	0	0
2564.jpg	0	1	0	0	0	0	0	0	0
516.jpg	0	1	0	1	0	0	0	0	0
567.jpg	0	1	0	1	0	0	0	0	0
2840.jpg	0	1	0	0	0	0	0	0	0
942.jpg	0	1	0	1	0	0	0	0	0
856.jpg	0	1	0	0	0	0	0	0	0
1593.jpg	0	1	0	0	0	0	0	0	0
1616.jpg	0	0	0	0	1	0	0	0	0
504.jpg	0	0	0	0	1	0	0	0	0
2260.jpg	0	1	0	0	0	0	0	0	0
571.jpg	0	0	0	1	0	0	0	0	0
933.jpg	0	1	0	1	0	0	0	0	0
832.jpg	0	0	0	0	1	0	0	0	0
2992.jpg	0	0	1	0	0	0	0	0	0
572.jpg	0	1	0	1	0	0	0	0	0
14.jpg	0	0	0	1	0	0	0	0	0
556.jpg	0	1	0	0	0	0	0	0	0
645.jpg	0	1	0	0	0	0	0	0	0
528.jpg	0	1	0	0	0	0	0	0	0
686.jpg	0	1	0	0	0	0	0	0	0
548.jpg	0	0	0	0	1	0	0	0	0
2482.jpg	0	1	0	0	0	0	0	0	0
985.jpg	0	1	0	0	1	0	0	0	0
2444.jpg	0	1	0	0	0	0	0	0	0
2361.jpg	0	1	0	0	0	0	0	0	0
2949.jpg	0	0	1	0	0	0	0	0	0
835.jpg	0	1	0	0	0	0	0	0	0
494.jpg	0	1	0	1	0	0	0	0	0
913.jpg	0	0	0	1	0	0	0	0	0
478.jpg	0	0	0	0	1	0	0	0	0
894.jpg	0	1	0	0	0	0	0	0	0
2653.jpg	0	0	0	0	1	0	0	0	0
609.jpg	0	1	0	0	0	0	0	0	0
2953.jpg	0	1	1	0	0	0	0	0	0
2602.jpg	0	1	0	0	0	0	0	0	0
2670.jpg	0	0	0	1	0	0	0	0	0
2102.jpg	0	1	0	0	0	0	0	0	0
1515.jpg	0	1	0	0	0	0	0	0	0
2412.jpg	0	1	0	0	0	0	0	0	0
897.jpg	0	0	0	0	1	0	0	0	0
2406.jpg	0	1	0	0	1	0	0	0	0
2336.jpg	0	1	0	1	0	0	0	0	0
2574.jpg	0	1	0	0	0	0	0	0	0
2995.jpg	0	0	1	0	0	0	0	0	0
1582.jpg	0	0	0	1	0	0	0	0	0
802.jpg	0	1	0	1	0	0	0	0	0
777.jpg	0	1	0	0	0	0	0	0	0
2956.jpg	0	0	1	0	0	0	0	0	0
1870.jpg	0	1	0	0	0	0	0	0	0
2443.jpg	0	1	0	0	0	0	0	0	0
2641.jpg	0	0	0	1	1	0	0	0	0
2511.jpg	0	0	0	1	0	0	0	0	0
729.jpg	0	0	0	1	0	0	0	0	0
629.jpg	0	1	0	0	0	0	0	0	0
1448.jpg	0	1	0	0	0	0	0	0	0
2418.jpg	0	1	0	1	0	0	0	0	0
987.jpg	0	1	0	0	0	0	0	0	0
973.jpg	0	1	0	0	0	0	0	0	0
3000.jpg	0	1	1	0	0	0	0	0	0
2955.jpg	0	0	1	1	0	0	0	0	0
183.jpg	0	0	0	1	0	0	0	0	0
762.jpg	0	0	0	1	0	0	0	0	0
2562.jpg	0	1	0	0	0	0	0	0	0
748.jpg	0	1	0	1	0	0	0	0	0
631.jpg	0	0	0	1	0	0	0	0	0
977.jpg	0	0	0	1	0	0	0	0	0
2628.jpg	0	1	0	1	0	0	0	0	0
2663.jpg	0	0	0	0	1	0	0	0	0
707.jpg	0	1	0	0	0	0	0	0	0
708.jpg	0	1	0	0	0	0	0	0	0
2795.jpg	0	0	0	0	1	0	0	0	0
467.jpg	0	1	0	0	0	0	0	0	0
396.jpg	0	1	0	0	0	0	0	0	0
1929.jpg	0	1	0	0	0	0	0	0	0
3.jpg	0	0	0	1	0	0	0	0	0
2037.jpg	0	1	0	0	0	0	0	0	0
2104.jpg	0	1	0	0	0	0	0	0	0
926.jpg	0	1	0	0	0	0	0	0	0
914.jpg	0	0	0	0	1	0	0	0	0
670.jpg	0	1	0	1	0	0	0	0	0
1111.jpg	0	0	0	0	1	0	0	0	0
421.jpg	0	0	0	0	1	0	0	0	0
2450.jpg	0	1	0	1	0	0	0	0	0
989.jpg	0	1	0	0	0	0	0	0	0
1225.jpg	0	0	0	0	1	0	0	0	0
3003.jpg	0	1	1	0	0	0	0	0	0
2155.jpg	0	0	0	0	1	0	0	0	0
575.jpg	0	0	0	0	1	0	0	0	0
2935.jpg	0	0	1	0	0	0	0	0	0
358.jpg	0	1	0	0	0	0	0	0	0
1927.jpg	0	1	0	0	0	0	0	0	0
2409.jpg	0	1	0	1	0	0	0	0	0
1838.jpg	0	0	0	0	1	0	0	0	0
875.jpg	0	1	0	0	0	0	0	0	0
1093.jpg	0	1	0	0	0	0	0	0	0
448.jpg	0	1	0	0	0	0	0	0	0
2454.jpg	0	1	0	1	0	0	0	0	0
306.jpg	0	1	0	0	0	0	0	0	0
418.jpg	0	1	0	1	0	0	0	0	0
1019.jpg	0	0	0	0	1	0	0	0	0
2404.jpg	0	1	0	0	0	0	0	0	0
2680.jpg	0	0	0	0	1	0	0	0	0
2387.jpg	0	1	0	0	0	0	0	0	0
2634.jpg	0	0	0	1	0	0	0	0	0
1347.jpg	0	0	0	0	1	0	0	0	0
473.jpg	0	0	0	0	1	0	0	0	0
175.jpg	0	1	0	0	0	0	0	0	0
2548.jpg	0	1	0	1	0	0	0	0	0
843.jpg	0	0	0	0	1	0	0	0	0
2763.jpg	0	0	0	0	1	0	0	0	0
455.jpg	0	0	0	1	0	0	0	0	0
2335.jpg	0	1	0	1	0	0	0	0	0
1346.jpg	0	0	0	0	1	0	0	0	0
963.jpg	0	1	0	0	0	0	0	0	0
405.jpg	0	1	0	1	0	0	0	0	0
2071.jpg	0	1	0	0	0	0	0	0	0
1048.jpg	0	1	0	0	0	0	0	0	0
1980.jpg	0	0	0	0	1	0	0	0	0
492.jpg	0	1	0	0	0	0	0	0	0
2833.jpg	0	0	0	0	1	0	0	0	0
866.jpg	0	1	0	0	0	0	0	0	0
876.jpg	0	1	0	0	0	0	0	0	0
2654.jpg	0	0	0	1	0	0	0	0	0
438.jpg	0	1	0	0	0	0	0	0	0
598.jpg	0	0	0	0	1	0	0	0	0
921.jpg	0	1	0	1	0	0	0	0	0
436.jpg	0	1	0	0	0	0	0	0	0
1138.jpg	0	1	0	1	0	0	0	0	0
2374.jpg	0	1	0	0	0	0	0	0	0
2428.jpg	0	1	0	0	0	0	0	0	0
1892.jpg	0	1	0	1	0	0	0	0	0
2534.jpg	0	0	0	1	0	0	0	0	0
950.jpg	0	0	0	0	1	0	0	0	0
2672.jpg	0	0	0	1	0	0	0	0	0
992.jpg	0	1	0	0	0	0	0	0	0
1349.jpg	0	0	0	0	1	0	0	0	0
1253.jpg	0	1	0	0	0	0	0	0	0
2662.jpg	0	0	0	1	0	0	0	0	0
2959.jpg	0	1	1	0	0	0	0	0	0
523.jpg	0	1	0	0	0	0	0	0	0
642.jpg	0	1	0	0	0	0	0	0	0
1674.jpg	0	0	0	0	1	0	0	0	0
1022.jpg	0	0	0	1	0	0	0	0	0
2413.jpg	0	1	0	0	0	0	0	0	0
658.jpg	0	0	0	0	1	0	0	0	0
1280.jpg	0	0	0	0	1	0	0	0	0
696.jpg	0	1	0	0	0	0	0	0	0
515.jpg	0	0	0	0	1	0	0	0	0
2103.jpg	0	1	0	0	0	0	0	0	0
2182.jpg	0	1	0	0	0	0	0	0	0
613.jpg	0	1	0	0	0	0	0	0	0
2382.jpg	0	1	0	1	0	0	0	0	0
502.jpg	0	1	0	0	0	0	0	0	0
324.jpg	0	1	0	0	0	0	0	0	0
2905.jpg	0	1	0	1	0	0	0	0	0
845.jpg	0	0	0	0	1	0	0	0	0
775.jpg	0	0	0	0	1	0	0	0	0
537.jpg	0	0	0	0	1	0	0	0	0
2035.jpg	0	1	0	0	0	0	0	0	0
513.jpg	0	1	0	0	0	0	0	0	0
881.jpg	0	0	0	0	1	0	0	0	0
2981.jpg	0	0	1	0	0	0	0	0	0
798.jpg	0	0	0	1	0	0	0	0	0
2495.jpg	0	0	0	1	0	0	0	0	0
855.jpg	0	0	0	0	1	0	0	0	0
682.jpg	0	0	0	0	1	0	0	0	0
2370.jpg	0	1	0	0	0	0	0	0	0
1415.jpg	0	0	0	1	0	0	0	0	0
650.jpg	0	1	0	0	0	0	0	0	0
2822.jpg	0	0	0	1	0	0	0	0	0
607.jpg	0	1	0	0	0	0	0	0	0
2457.jpg	0	1	0	1	0	0	0	0	0
698.jpg	0	1	0	0	0	0	0	0	0
1011.jpg	0	0	0	0	1	0	0	0	0
2526.jpg	0	1	0	0	0	0	0	0	0
2609.jpg	0	1	0	1	0	0	0	0	0
