269.jpg	0	0	0	0	0	1	0	0	0
412.jpg	0	0	0	0	0	1	0	0	0
446.jpg	0	0	0	0	0	1	0	0	0
483.jpg	0	0	0	0	0	1	0	0	0
524.jpg	0	0	0	0	0	1	0	0	0
564.jpg	0	0	0	0	0	1	0	0	0
605.jpg	0	0	0	0	0	1	0	0	0
630.jpg	0	0	0	0	0	1	0	0	0
653.jpg	0	0	0	0	0	1	0	0	0
672.jpg	0	0	0	0	0	1	0	0	0
695.jpg	0	0	0	0	0	1	0	0	0
716.jpg	0	0	0	0	0	1	0	0	0
758.jpg	0	1	0	0	0	1	0	0	0
774.jpg	0	0	0	0	0	1	0	0	0
793.jpg	0	1	0	0	0	1	0	0	0
842.jpg	0	0	0	0	0	1	0	0	0
874.jpg	0	0	0	0	0	1	0	0	0
909.jpg	0	0	0	0	0	1	0	0	0
936.jpg	0	0	0	0	0	1	0	0	0
969.jpg	0	0	0	0	0	1	0	0	0
1082.jpg	0	0	0	0	0	1	0	0	0
1493.jpg	0	0	0	0	0	1	0	0	0
1615.jpg	0	1	0	0	0	1	0	0	0
1848.jpg	0	0	0	0	0	1	0	0	0
1915.jpg	0	0	0	0	0	1	0	0	0
2049.jpg	0	0	0	0	0	1	0	0	0
2249.jpg	0	0	0	0	0	1	0	0	0
2393.jpg	0	0	0	0	0	1	0	0	0
2439.jpg	0	1	0	0	0	1	0	0	0
2445.jpg	0	1	0	0	0	1	0	0	0
2449.jpg	0	1	0	0	0	1	0	0	0
2468.jpg	0	0	0	0	0	1	0	0	0
2469.jpg	0	0	0	0	0	1	0	0	0
2472.jpg	0	0	0	0	0	1	0	0	0
2473.jpg	0	0	0	0	0	1	0	0	0
2474.jpg	0	0	0	0	0	1	0	0	0
2475.jpg	0	0	0	0	0	1	0	0	0
2502.jpg	0	1	0	0	0	1	0	0	0
2503.jpg	0	1	0	0	0	1	0	0	0
2505.jpg	0	0	0	0	0	1	0	0	0
2506.jpg	0	0	0	0	0	1	0	0	0
2507.jpg	0	0	0	0	0	1	0	0	0
2508.jpg	0	0	0	0	0	1	0	0	0
2524.jpg	0	0	0	0	0	1	0	0	0
2552.jpg	0	0	0	0	0	1	0	0	0
2571.jpg	0	0	0	0	0	1	0	0	0
2603.jpg	0	1	0	0	0	1	0	0	0
2613.jpg	0	0	0	0	0	1	0	0	0
2624.jpg	0	1	0	0	0	1	0	0	0
2640.jpg	0	1	0	0	0	1	0	0	0
2642.jpg	0	1	0	0	0	1	0	0	0
2645.jpg	0	0	0	0	0	1	0	0	0
2647.jpg	0	0	0	0	0	1	0	0	0
2652.jpg	0	0	0	0	0	1	0	0	0
2655.jpg	0	0	0	0	0	1	0	0	0
2658.jpg	0	1	0	0	0	1	0	0	0
2665.jpg	0	1	0	0	0	1	0	0	0
2668.jpg	0	0	0	0	0	1	0	0	0
2675.jpg	0	0	0	0	0	1	0	0	0
2678.jpg	0	0	0	0	0	1	0	0	0
2682.jpg	0	1	0	0	0	1	0	0	0
2686.jpg	0	0	0	0	0	1	0	0	0
2706.jpg	0	1	0	0	0	1	0	0	0
