40.jpg	0	0	0	0	0	0	1	0	0
147.jpg	0	0	0	0	0	0	1	0	0
195.jpg	0	0	0	0	0	0	1	0	0
246.jpg	0	0	0	0	0	0	1	0	0
248.jpg	0	0	0	0	0	0	1	0	0
251.jpg	0	0	0	0	0	0	1	0	0
294.jpg	0	0	0	0	0	0	1	0	0
599.jpg	0	0	0	0	0	0	1	0	0
602.jpg	0	0	0	0	0	0	1	0	0
759.jpg	0	0	0	0	0	0	1	0	1
800.jpg	0	0	0	0	0	0	1	0	0
836.jpg	0	0	0	0	0	0	1	0	0
906.jpg	0	0	0	0	0	0	1	0	1
983.jpg	0	1	0	0	0	0	1	0	0
1035.jpg	0	1	0	0	0	0	1	0	0
1191.jpg	0	0	0	0	0	0	1	0	0
1393.jpg	0	0	0	0	0	0	1	0	1
1659.jpg	0	0	0	0	0	0	1	0	0
1804.jpg	0	0	0	0	0	0	1	0	1
1826.jpg	0	0	0	0	0	0	1	0	0
2497.jpg	0	0	0	0	0	0	1	0	0
2499.jpg	0	1	0	0	0	0	1	0	1
2500.jpg	0	0	0	0	0	0	1	0	0
2501.jpg	0	0	0	0	0	0	1	0	0
2604.jpg	0	1	0	0	0	0	1	0	0
2627.jpg	0	0	0	0	0	0	1	0	0
2783.jpg	0	0	0	0	0	0	1	0	0
2797.jpg	0	0	0	0	0	0	1	0	0
2799.jpg	0	0	0	0	0	0	1	0	0
2802.jpg	0	0	0	0	0	0	1	0	0
2869.jpg	0	0	0	0	0	0	1	0	0
2917.jpg	0	0	0	0	0	0	1	0	0
