1418.jpg	1	0	0	0	0	0	0	0	0
1854.jpg	1	0	0	0	0	0	0	0	0
2456.jpg	1	0	0	0	0	0	0	0	0
1814.jpg	1	0	0	0	0	0	0	0	0
1499.jpg	1	0	0	0	0	0	0	0	0
1101.jpg	1	0	0	0	0	0	0	0	0
2063.jpg	1	0	0	0	0	0	0	0	0
2131.jpg	1	0	0	0	0	0	0	0	0
2067.jpg	1	0	0	0	0	0	0	0	0
1500.jpg	1	0	0	0	0	0	0	0	0
2218.jpg	1	0	0	0	0	0	0	0	0
133.jpg	1	0	0	0	0	0	0	0	0
7.jpg	1	0	0	0	0	0	0	0	0
549.jpg	1	0	0	0	0	0	0	0	0
2790.jpg	1	0	0	0	0	0	0	0	0
339.jpg	1	0	0	0	0	0	0	0	0
2128.jpg	1	0	0	0	0	0	0	0	0
2141.jpg	1	0	0	0	0	0	0	0	0
1647.jpg	1	0	0	0	0	0	0	0	0
2743.jpg	1	0	0	0	0	0	0	0	0
2908.jpg	1	0	0	0	0	0	0	0	0
2059.jpg	1	0	0	0	0	0	0	0	0
1974.jpg	1	0	0	0	0	0	0	0	0
83.jpg	1	0	0	0	0	0	0	0	0
1305.jpg	1	0	0	0	0	0	0	0	0
2098.jpg	1	0	0	0	0	0	0	0	0
1778.jpg	1	0	0	0	0	0	0	0	0
1176.jpg	1	0	0	0	0	0	0	0	0
1028.jpg	1	0	0	0	0	0	0	0	0
2083.jpg	1	0	0	0	0	0	0	0	0
2918.jpg	1	0	0	0	0	0	0	0	0
2851.jpg	1	0	0	0	0	0	0	0	0
2775.jpg	1	0	0	0	0	0	0	0	0
2158.jpg	1	0	0	0	0	0	0	0	0
2058.jpg	1	0	0	0	0	0	0	0	0
2711.jpg	1	0	0	0	0	0	0	0	0
1764.jpg	1	0	0	0	0	0	0	0	0
1481.jpg	1	0	0	0	0	0	0	0	0
1231.jpg	1	0	0	0	0	0	0	0	0
168.jpg	1	0	0	0	0	0	0	0	0
118.jpg	1	0	0	0	0	0	0	0	0
2213.jpg	1	0	0	0	0	0	0	0	0
816.jpg	1	0	0	0	0	0	0	0	0
2735.jpg	1	0	0	0	0	0	0	0	0
2455.jpg	1	0	0	0	0	0	0	0	0
2057.jpg	1	0	0	0	0	0	0	0	0
1341.jpg	1	0	0	0	0	0	0	0	0
1640.jpg	1	0	0	0	0	0	0	0	0
1954.jpg	1	0	0	0	0	0	0	0	0
1467.jpg	1	0	0	0	0	0	0	0	0
2085.jpg	1	0	0	0	0	0	0	0	0
1906.jpg	1	0	0	0	0	0	0	0	0
1390.jpg	1	0	0	0	0	0	0	0	0
1334.jpg	1	0	0	0	0	0	0	0	0
2211.jpg	1	0	0	0	0	0	0	0	0
1512.jpg	1	0	0	0	0	0	0	0	0
1089.jpg	1	0	0	0	0	0	0	0	0
2888.jpg	1	0	0	0	0	0	0	0	0
2005.jpg	1	0	0	0	0	0	0	0	0
1451.jpg	1	0	0	0	0	0	0	0	0
124.jpg	1	0	0	0	0	0	0	0	0
57.jpg	1	0	0	0	0	0	0	0	0
1508.jpg	1	0	0	0	0	0	0	0	0
1908.jpg	1	0	0	0	0	0	0	0	0
382.jpg	1	0	0	0	0	0	0	0	0
29.jpg	1	0	0	0	0	0	0	0	0
1998.jpg	1	0	0	0	0	0	0	0	0
1587.jpg	1	0	0	0	0	0	0	0	0
1397.jpg	1	0	0	0	0	0	0	0	0
2807.jpg	1	0	0	0	0	0	0	0	0
257.jpg	1	0	0	0	0	0	0	0	0
862.jpg	1	0	0	0	0	0	0	0	0
2732.jpg	1	0	0	0	0	0	0	0	0
238.jpg	1	0	0	0	0	0	0	0	0
18.jpg	1	0	0	0	0	0	0	0	0
1607.jpg	1	0	0	0	0	0	0	0	0
2207.jpg	1	0	0	0	0	0	0	0	0
2075.jpg	1	0	0	0	0	0	0	0	0
17.jpg	1	0	0	0	0	0	0	0	0
1059.jpg	1	0	0	0	0	0	0	0	0
1331.jpg	1	0	0	0	0	0	0	0	0
1958.jpg	1	0	0	0	0	0	0	0	0
1398.jpg	1	0	0	0	0	0	0	0	0
1686.jpg	1	0	0	0	0	0	0	0	0
2170.jpg	1	0	0	0	0	0	0	0	0
1841.jpg	1	0	0	0	0	0	0	0	0
1355.jpg	1	0	0	0	0	0	0	0	0
1611.jpg	1	0	0	0	0	0	0	0	0
210.jpg	1	0	0	0	0	0	0	0	0
1712.jpg	1	0	0	0	0	0	0	0	0
1369.jpg	1	0	0	0	0	0	0	0	0
2191.jpg	1	0	0	0	0	0	0	0	0
2061.jpg	1	0	0	0	0	0	0	0	0
338.jpg	1	0	0	0	0	0	0	0	0
1646.jpg	1	0	0	0	0	0	0	0	0
2020.jpg	1	0	0	0	0	0	0	0	0
1909.jpg	1	0	0	0	0	0	0	0	0
1862.jpg	1	0	0	0	0	0	0	0	0
71.jpg	1	0	0	0	0	0	0	0	0
1076.jpg	1	0	0	0	0	0	0	0	0
2863.jpg	1	0	0	0	0	0	0	0	0
1177.jpg	1	0	0	0	0	0	0	0	0
2814.jpg	1	0	0	0	0	0	0	0	0
1523.jpg	1	0	0	0	0	0	0	0	0
371.jpg	1	0	0	0	0	0	0	0	0
2772.jpg	1	0	0	0	0	0	0	0	0
2051.jpg	1	0	0	0	0	0	0	0	0
1140.jpg	1	0	0	0	0	0	0	0	0
61.jpg	1	0	0	0	0	0	0	0	0
2714.jpg	1	0	0	0	0	0	0	0	0
1450.jpg	1	0	0	0	0	0	0	0	0
1386.jpg	1	0	0	0	0	0	0	0	0
979.jpg	1	0	0	0	0	0	0	0	0
1294.jpg	1	0	0	0	0	0	0	0	0
2725.jpg	1	0	0	0	0	0	0	0	0
1733.jpg	1	0	0	0	0	0	0	0	0
2081.jpg	1	0	0	0	0	0	0	0	0
66.jpg	1	0	0	0	0	0	0	0	0
1168.jpg	1	0	0	0	0	0	0	0	0
1376.jpg	1	0	0	0	0	0	0	0	0
2119.jpg	1	0	0	0	0	0	0	0	0
1313.jpg	1	0	0	0	0	0	0	0	0
2168.jpg	1	0	0	0	0	0	0	0	0
2874.jpg	1	0	0	0	0	0	0	0	0
2764.jpg	1	0	0	0	0	0	0	0	0
23.jpg	1	0	0	0	0	0	0	0	0
1408.jpg	1	0	0	0	0	0	0	0	0
1344.jpg	1	0	0	0	0	0	0	0	0
2729.jpg	1	0	0	0	0	0	0	0	0
1281.jpg	1	0	0	0	0	0	0	0	0
1073.jpg	1	0	0	0	0	0	0	0	0
858.jpg	1	0	0	0	0	0	0	0	0
209.jpg	1	0	0	0	0	0	0	0	0
1246.jpg	1	0	0	0	0	0	0	0	0
2173.jpg	1	0	0	0	0	0	0	0	0
43.jpg	1	0	0	0	0	0	0	0	0
2866.jpg	1	0	0	0	0	0	0	0	0
318.jpg	1	0	0	0	0	0	0	0	0
350.jpg	1	0	0	0	0	0	0	0	0
1725.jpg	1	0	0	0	0	0	0	0	0
1650.jpg	1	0	0	0	0	0	0	0	0
2753.jpg	1	0	0	0	0	0	0	0	0
1142.jpg	1	0	0	0	0	0	0	0	0
1261.jpg	1	0	0	0	0	0	0	0	0
2179.jpg	1	0	0	0	0	0	0	0	0
2199.jpg	1	0	0	0	0	0	0	0	0
1840.jpg	1	0	0	0	0	0	0	0	0
275.jpg	1	0	0	0	0	0	0	0	0
1159.jpg	1	0	0	0	0	0	0	0	0
781.jpg	1	0	0	0	0	0	0	0	0
2042.jpg	1	0	0	0	0	0	0	0	0
364.jpg	1	0	0	0	0	0	0	0	0
2796.jpg	1	0	0	0	0	0	0	0	0
1013.jpg	1	0	0	0	0	0	0	0	0
1195.jpg	1	0	0	0	0	0	0	0	0
201.jpg	1	0	0	0	0	0	0	0	0
2121.jpg	1	0	0	0	0	0	0	0	0
1933.jpg	1	0	0	0	0	0	0	0	0
203.jpg	1	0	0	0	0	0	0	0	0
1308.jpg	1	0	0	0	0	0	0	0	0
2870.jpg	1	0	0	0	0	0	0	0	0
1406.jpg	1	0	0	0	0	0	0	0	0
1610.jpg	1	0	0	0	0	0	0	0	0
452.jpg	1	0	0	0	0	0	0	0	0
1496.jpg	1	0	0	0	0	0	0	0	0
1424.jpg	1	0	0	0	0	0	0	0	0
1947.jpg	1	0	0	0	0	0	0	0	0
2208.jpg	1	0	0	0	0	0	0	0	0
2747.jpg	1	0	0	0	0	0	0	0	0
1461.jpg	1	0	0	0	0	0	0	0	0
84.jpg	1	0	0	0	0	0	0	0	0
1299.jpg	1	0	0	0	0	0	0	0	0
1690.jpg	1	0	0	0	0	0	0	0	0
1506.jpg	1	0	0	0	0	0	0	0	0
2550.jpg	1	0	0	0	0	0	0	0	0
1288.jpg	1	0	0	0	0	0	0	0	0
1141.jpg	1	0	0	0	0	0	0	0	0
1671.jpg	1	0	0	0	0	0	0	0	0
1227.jpg	1	0	0	0	0	0	0	0	0
98.jpg	1	0	0	0	0	0	0	0	0
375.jpg	1	0	0	0	0	0	0	0	0
560.jpg	1	0	0	0	0	0	0	0	0
1166.jpg	1	0	0	0	0	0	0	0	0
1658.jpg	1	0	0	0	0	0	0	0	0
53.jpg	1	0	0	0	0	0	0	0	0
1966.jpg	1	0	0	0	0	0	0	0	0
2223.jpg	1	0	0	0	0	0	0	0	0
1364.jpg	1	0	0	0	0	0	0	0	0
1562.jpg	1	0	0	0	0	0	0	0	0
586.jpg	1	0	0	0	0	0	0	0	0
2047.jpg	1	0	0	0	0	0	0	0	0
359.jpg	1	0	0	0	0	0	0	0	0
1566.jpg	1	0	0	0	0	0	0	0	0
1969.jpg	1	0	0	0	0	0	0	0	0
2286.jpg	1	0	0	0	0	0	0	0	0
156.jpg	1	0	0	0	0	0	0	0	0
1318.jpg	1	0	0	0	0	0	0	0	0
2912.jpg	1	0	0	0	0	0	0	0	0
1976.jpg	1	0	0	0	0	0	0	0	0
1540.jpg	1	0	0	0	0	0	0	0	0
2741.jpg	1	0	0	0	0	0	0	0	0
1896.jpg	1	0	0	0	0	0	0	0	0
1524.jpg	1	0	0	0	0	0	0	0	0
1161.jpg	1	0	0	0	0	0	0	0	0
1973.jpg	1	0	0	0	0	0	0	0	0
198.jpg	1	0	0	0	0	0	0	0	0
1199.jpg	1	0	0	0	0	0	0	0	0
1008.jpg	1	0	0	0	0	0	0	0	0
2233.jpg	1	0	0	0	0	0	0	0	0
64.jpg	1	0	0	0	0	0	0	0	0
1953.jpg	1	0	0	0	0	0	0	0	0
1327.jpg	1	0	0	0	0	0	0	0	0
417.jpg	1	0	0	0	0	0	0	0	0
332.jpg	1	0	0	0	0	0	0	0	0
1387.jpg	1	0	0	0	0	0	0	0	0
1964.jpg	1	0	0	0	0	0	0	0	0
49.jpg	1	0	0	0	0	0	0	0	0
2875.jpg	1	0	0	0	0	0	0	0	0
1586.jpg	1	0	0	0	0	0	0	0	0
1009.jpg	1	0	0	0	0	0	0	0	0
2791.jpg	1	0	0	0	0	0	0	0	0
2089.jpg	1	0	0	0	0	0	0	0	0
229.jpg	1	0	0	0	0	0	0	0	0
1668.jpg	1	0	0	0	0	0	0	0	0
2922.jpg	1	0	0	0	0	0	0	0	0
2198.jpg	1	0	0	0	0	0	0	0	0
1480.jpg	1	0	0	0	0	0	0	0	0
1209.jpg	1	0	0	0	0	0	0	0	0
214.jpg	1	0	0	0	0	0	0	0	0
1956.jpg	1	0	0	0	0	0	0	0	0
1263.jpg	1	0	0	0	0	0	0	0	0
1552.jpg	1	0	0	0	0	0	0	0	0
2896.jpg	1	0	0	0	0	0	0	0	0
1475.jpg	1	0	0	0	0	0	0	0	0
1644.jpg	1	0	0	0	0	0	0	0	0
1497.jpg	1	0	0	0	0	0	0	0	0
2187.jpg	1	0	0	0	0	0	0	0	0
2867.jpg	1	0	0	0	0	0	0	0	0
13.jpg	1	0	0	0	0	0	0	0	0
1743.jpg	1	0	0	0	0	0	0	0	0
106.jpg	1	0	0	0	0	0	0	0	0
1740.jpg	1	0	0	0	0	0	0	0	0
2734.jpg	1	0	0	0	0	0	0	0	0
1456.jpg	1	0	0	0	0	0	0	0	0
703.jpg	1	0	0	0	0	0	0	0	0
1427.jpg	1	0	0	0	0	0	0	0	0
1119.jpg	1	0	0	0	0	0	0	0	0
2886.jpg	1	0	0	0	0	0	0	0	0
1636.jpg	1	0	0	0	0	0	0	0	0
1875.jpg	1	0	0	0	0	0	0	0	0
2178.jpg	1	0	0	0	0	0	0	0	0
2229.jpg	1	0	0	0	0	0	0	0	0
99.jpg	1	0	0	0	0	0	0	0	0
1208.jpg	1	0	0	0	0	0	0	0	0
1590.jpg	1	0	0	0	0	0	0	0	0
2749.jpg	1	0	0	0	0	0	0	0	0
2278.jpg	1	0	0	0	0	0	0	0	0
2010.jpg	1	0	0	0	0	0	0	0	0
384.jpg	1	0	0	0	0	0	0	0	0
1828.jpg	1	0	0	0	0	0	0	0	0
415.jpg	1	0	0	0	0	0	0	0	0
2739.jpg	1	0	0	0	0	0	0	0	0
2130.jpg	1	0	0	0	0	0	0	0	0
1560.jpg	1	0	0	0	0	0	0	0	0
1700.jpg	1	0	0	0	0	0	0	0	0
1820.jpg	1	0	0	0	0	0	0	0	0
155.jpg	1	0	0	0	0	0	0	0	0
2028.jpg	1	0	0	0	0	0	0	0	0
1817.jpg	1	0	0	0	0	0	0	0	0
1793.jpg	1	0	0	0	0	0	0	0	0
757.jpg	1	0	0	0	0	0	0	0	0
1310.jpg	1	0	0	0	0	0	0	0	0
2882.jpg	1	0	0	0	0	0	0	0	0
1689.jpg	1	0	0	0	0	0	0	0	0
1030.jpg	1	0	0	0	0	0	0	0	0
1206.jpg	1	0	0	0	0	0	0	0	0
1457.jpg	1	0	0	0	0	0	0	0	0
173.jpg	1	0	0	0	0	0	0	0	0
1550.jpg	1	0	0	0	0	0	0	0	0
1752.jpg	1	0	0	0	0	0	0	0	0
1267.jpg	1	0	0	0	0	0	0	0	0
123.jpg	1	0	0	0	0	0	0	0	0
1211.jpg	1	0	0	0	0	0	0	0	0
2135.jpg	1	0	0	0	0	0	0	0	0
1381.jpg	1	0	0	0	0	0	0	0	0
2022.jpg	1	0	0	0	0	0	0	0	0
1491.jpg	1	0	0	0	0	0	0	0	0
1514.jpg	1	0	0	0	0	0	0	0	0
1472.jpg	1	0	0	0	0	0	0	0	0
2268.jpg	1	0	0	0	0	0	0	0	0
352.jpg	1	0	0	0	0	0	0	0	0
2285.jpg	1	0	0	0	0	0	0	0	0
50.jpg	1	0	0	0	0	0	0	0	0
39.jpg	1	0	0	0	0	0	0	0	0
341.jpg	1	0	0	0	0	0	0	0	0
1944.jpg	1	0	0	0	0	0	0	0	0
1678.jpg	1	0	0	0	0	0	0	0	0
1782.jpg	1	0	0	0	0	0	0	0	0
2792.jpg	1	0	0	0	0	0	0	0	0
2072.jpg	1	0	0	0	0	0	0	0	0
1379.jpg	1	0	0	0	0	0	0	0	0
1802.jpg	1	0	0	0	0	0	0	0	0
2166.jpg	1	0	0	0	0	0	0	0	0
1655.jpg	1	0	0	0	0	0	0	0	0
55.jpg	1	0	0	0	0	0	0	0	0
2069.jpg	1	0	0	0	0	0	0	0	0
1007.jpg	1	0	0	0	0	0	0	0	0
1150.jpg	1	0	0	0	0	0	0	0	0
2265.jpg	1	0	0	0	0	0	0	0	0
2053.jpg	1	0	0	0	0	0	0	0	0
600.jpg	1	0	0	0	0	0	0	0	0
281.jpg	1	0	0	0	0	0	0	0	0
1134.jpg	1	0	0	0	0	0	0	0	0
1846.jpg	1	0	0	0	0	0	0	0	0
2884.jpg	1	0	0	0	0	0	0	0	0
1603.jpg	1	0	0	0	0	0	0	0	0
1383.jpg	1	0	0	0	0	0	0	0	0
31.jpg	1	0	0	0	0	0	0	0	0
1430.jpg	1	0	0	0	0	0	0	0	0
1868.jpg	1	0	0	0	0	0	0	0	0
2904.jpg	1	0	0	0	0	0	0	0	0
1183.jpg	1	0	0	0	0	0	0	0	0
1314.jpg	1	0	0	0	0	0	0	0	0
2034.jpg	1	0	0	0	0	0	0	0	0
389.jpg	1	0	0	0	0	0	0	0	0
2018.jpg	1	0	0	0	0	0	0	0	0
1975.jpg	1	0	0	0	0	0	0	0	0
1488.jpg	1	0	0	0	0	0	0	0	0
1152.jpg	1	0	0	0	0	0	0	0	0
1413.jpg	1	0	0	0	0	0	0	0	0
2202.jpg	1	0	0	0	0	0	0	0	0
1419.jpg	1	0	0	0	0	0	0	0	0
2026.jpg	1	0	0	0	0	0	0	0	0
2704.jpg	1	0	0	0	0	0	0	0	0
1217.jpg	1	0	0	0	0	0	0	0	0
70.jpg	1	0	0	0	0	0	0	0	0
443.jpg	1	0	0	0	0	0	0	0	0
90.jpg	1	0	0	0	0	0	0	0	0
2266.jpg	1	0	0	0	0	0	0	0	0
1124.jpg	1	0	0	0	0	0	0	0	0
1518.jpg	1	0	0	0	0	0	0	0	0
1777.jpg	1	0	0	0	0	0	0	0	0
1316.jpg	1	0	0	0	0	0	0	0	0
1394.jpg	1	0	0	0	0	0	0	0	0
285.jpg	1	0	0	0	0	0	0	0	0
1869.jpg	1	0	0	0	0	0	0	0	0
78.jpg	1	0	0	0	0	0	0	0	0
2845.jpg	1	0	0	0	0	0	0	0	0
2885.jpg	1	0	0	0	0	0	0	0	0
2172.jpg	1	0	0	0	0	0	0	0	0
472.jpg	1	0	0	0	0	0	0	0	0
1268.jpg	1	0	0	0	0	0	0	0	0
555.jpg	1	0	0	0	0	0	0	0	0
1833.jpg	1	0	0	0	0	0	0	0	0
1790.jpg	1	0	0	0	0	0	0	0	0
2810.jpg	1	0	0	0	0	0	0	0	0
1002.jpg	1	0	0	0	0	0	0	0	0
328.jpg	1	0	0	0	0	0	0	0	0
1372.jpg	1	0	0	0	0	0	0	0	0
2127.jpg	1	0	0	0	0	0	0	0	0
2224.jpg	1	0	0	0	0	0	0	0	0
1696.jpg	1	0	0	0	0	0	0	0	0
1114.jpg	1	0	0	0	0	0	0	0	0
1930.jpg	1	0	0	0	0	0	0	0	0
1432.jpg	1	0	0	0	0	0	0	0	0
2032.jpg	1	0	0	0	0	0	0	0	0
1865.jpg	1	0	0	0	0	0	0	0	0
1454.jpg	1	0	0	0	0	0	0	0	0
2716.jpg	1	0	0	0	0	0	0	0	0
1889.jpg	1	0	0	0	0	0	0	0	0
603.jpg	1	0	0	0	0	0	0	0	0
337.jpg	1	0	0	0	0	0	0	0	0
1492.jpg	1	0	0	0	0	0	0	0	0
1767.jpg	1	0	0	0	0	0	0	0	0
1123.jpg	1	0	0	0	0	0	0	0	0
2169.jpg	1	0	0	0	0	0	0	0	0
1564.jpg	1	0	0	0	0	0	0	0	0
1239.jpg	1	0	0	0	0	0	0	0	0
1452.jpg	1	0	0	0	0	0	0	0	0
2118.jpg	1	0	0	0	0	0	0	0	0
1247.jpg	1	0	0	0	0	0	0	0	0
2241.jpg	1	0	0	0	0	0	0	0	0
310.jpg	1	0	0	0	0	0	0	0	0
442.jpg	1	0	0	0	0	0	0	0	0
2823.jpg	1	0	0	0	0	0	0	0	0
1498.jpg	1	0	0	0	0	0	0	0	0
2907.jpg	1	0	0	0	0	0	0	0	0
1298.jpg	1	0	0	0	0	0	0	0	0
2247.jpg	1	0	0	0	0	0	0	0	0
351.jpg	1	0	0	0	0	0	0	0	0
1066.jpg	1	0	0	0	0	0	0	0	0
511.jpg	1	0	0	0	0	0	0	0	0
2291.jpg	1	0	0	0	0	0	0	0	0
2865.jpg	1	0	0	0	0	0	0	0	0
2742.jpg	1	0	0	0	0	0	0	0	0
2123.jpg	1	0	0	0	0	0	0	0	0
2110.jpg	1	0	0	0	0	0	0	0	0
1663.jpg	1	0	0	0	0	0	0	0	0
1429.jpg	1	0	0	0	0	0	0	0	0
1913.jpg	1	0	0	0	0	0	0	0	0
1503.jpg	1	0	0	0	0	0	0	0	0
326.jpg	1	0	0	0	0	0	0	0	0
1718.jpg	1	0	0	0	0	0	0	0	0
1172.jpg	1	0	0	0	0	0	0	0	0
1384.jpg	1	0	0	0	0	0	0	0	0
293.jpg	1	0	0	0	0	0	0	0	0
2039.jpg	1	0	0	0	0	0	0	0	0
1325.jpg	1	0	0	0	0	0	0	0	0
2273.jpg	1	0	0	0	0	0	0	0	0
204.jpg	1	0	0	0	0	0	0	0	0
1516.jpg	1	0	0	0	0	0	0	0	0
2460.jpg	1	0	0	0	0	0	0	0	0
309.jpg	1	0	0	0	0	0	0	0	0
186.jpg	1	0	0	0	0	0	0	0	0
1831.jpg	1	0	0	0	0	0	0	0	0
2132.jpg	1	0	0	0	0	0	0	0	0
1895.jpg	1	0	0	0	0	0	0	0	0
2757.jpg	1	0	0	0	0	0	0	0	0
1356.jpg	1	0	0	0	0	0	0	0	0
1924.jpg	1	0	0	0	0	0	0	0	0
97.jpg	1	0	0	0	0	0	0	0	0
1411.jpg	1	0	0	0	0	0	0	0	0
2892.jpg	1	0	0	0	0	0	0	0	0
347.jpg	1	0	0	0	0	0	0	0	0
107.jpg	1	0	0	0	0	0	0	0	0
2094.jpg	1	0	0	0	0	0	0	0	0
1708.jpg	1	0	0	0	0	0	0	0	0
1257.jpg	1	0	0	0	0	0	0	0	0
1721.jpg	1	0	0	0	0	0	0	0	0
1852.jpg	1	0	0	0	0	0	0	0	0
1380.jpg	1	0	0	0	0	0	0	0	0
2045.jpg	1	0	0	0	0	0	0	0	0
1173.jpg	1	0	0	0	0	0	0	0	0
1428.jpg	1	0	0	0	0	0	0	0	0
1099.jpg	1	0	0	0	0	0	0	0	0
888.jpg	1	0	0	0	0	0	0	0	0
1723.jpg	1	0	0	0	0	0	0	0	0
1776.jpg	1	0	0	0	0	0	0	0	0
2281.jpg	1	0	0	0	0	0	0	0	0
1534.jpg	1	0	0	0	0	0	0	0	0
1757.jpg	1	0	0	0	0	0	0	0	0
2150.jpg	1	0	0	0	0	0	0	0	0
2920.jpg	1	0	0	0	0	0	0	0	0
1825.jpg	1	0	0	0	0	0	0	0	0
21.jpg	1	0	0	0	0	0	0	0	0
1727.jpg	1	0	0	0	0	0	0	0	0
1709.jpg	1	0	0	0	0	0	0	0	0
363.jpg	1	0	0	0	0	0	0	0	0
1250.jpg	1	0	0	0	0	0	0	0	0
2769.jpg	1	0	0	0	0	0	0	0	0
1357.jpg	1	0	0	0	0	0	0	0	0
2514.jpg	1	0	0	0	0	0	0	0	0
322.jpg	1	0	0	0	0	0	0	0	0
2097.jpg	1	0	0	0	0	0	0	0	0
2842.jpg	1	0	0	0	0	0	0	0	0
1174.jpg	1	0	0	0	0	0	0	0	0
1003.jpg	1	0	0	0	0	0	0	0	0
1857.jpg	1	0	0	0	0	0	0	0	0
1145.jpg	1	0	0	0	0	0	0	0	0
1122.jpg	1	0	0	0	0	0	0	0	0
817.jpg	1	0	0	0	0	0	0	0	0
170.jpg	1	0	0	0	0	0	0	0	0
2244.jpg	1	0	0	0	0	0	0	0	0
2152.jpg	1	0	0	0	0	0	0	0	0
1474.jpg	1	0	0	0	0	0	0	0	0
1753.jpg	1	0	0	0	0	0	0	0	0
2733.jpg	1	0	0	0	0	0	0	0	0
1517.jpg	1	0	0	0	0	0	0	0	0
1620.jpg	1	0	0	0	0	0	0	0	0
2787.jpg	1	0	0	0	0	0	0	0	0
119.jpg	1	0	0	0	0	0	0	0	0
1502.jpg	1	0	0	0	0	0	0	0	0
2272.jpg	1	0	0	0	0	0	0	0	0
444.jpg	1	0	0	0	0	0	0	0	0
2859.jpg	1	0	0	0	0	0	0	0	0
1902.jpg	1	0	0	0	0	0	0	0	0
2854.jpg	1	0	0	0	0	0	0	0	0
1923.jpg	1	0	0	0	0	0	0	0	0
370.jpg	1	0	0	0	0	0	0	0	0
1529.jpg	1	0	0	0	0	0	0	0	0
1100.jpg	1	0	0	0	0	0	0	0	0
1033.jpg	1	0	0	0	0	0	0	0	0
2288.jpg	1	0	0	0	0	0	0	0	0
1088.jpg	1	0	0	0	0	0	0	0	0
1842.jpg	1	0	0	0	0	0	0	0	0
223.jpg	1	0	0	0	0	0	0	0	0
2111.jpg	1	0	0	0	0	0	0	0	0
907.jpg	1	0	0	0	0	0	0	0	0
994.jpg	1	0	0	0	0	0	0	0	0
1444.jpg	1	0	0	0	0	0	0	0	0
205.jpg	1	0	0	0	0	0	0	0	0
2730.jpg	1	0	0	0	0	0	0	0	0
1694.jpg	1	0	0	0	0	0	0	0	0
353.jpg	1	0	0	0	0	0	0	0	0
240.jpg	1	0	0	0	0	0	0	0	0
263.jpg	1	0	0	0	0	0	0	0	0
1423.jpg	1	0	0	0	0	0	0	0	0
1623.jpg	1	0	0	0	0	0	0	0	0
1942.jpg	1	0	0	0	0	0	0	0	0
237.jpg	1	0	0	0	0	0	0	0	0
