1418.jpg	1	0	0	0	0	0	0	0	0
1854.jpg	1	0	0	0	0	0	0	0	0
2456.jpg	1	0	0	0	0	0	0	0	0
1814.jpg	1	0	0	0	0	0	0	0	0
1499.jpg	1	0	0	0	0	0	0	0	0
1101.jpg	1	0	0	0	0	0	0	0	0
2063.jpg	1	0	0	0	0	0	0	0	0
2131.jpg	1	0	0	0	0	0	0	0	0
2067.jpg	1	0	0	0	0	0	0	0	0
1500.jpg	1	0	0	0	0	0	0	0	0
2218.jpg	1	0	0	0	0	0	0	0	0
133.jpg	1	0	0	0	0	0	0	0	0
7.jpg	1	0	0	0	0	0	0	0	0
549.jpg	1	0	0	0	0	0	0	0	0
2790.jpg	1	0	0	0	0	0	0	0	0
339.jpg	1	0	0	0	0	0	0	0	0
2128.jpg	1	0	0	0	0	0	0	0	0
2141.jpg	1	0	0	0	0	0	0	0	0
1647.jpg	1	0	0	0	0	0	0	0	0
2743.jpg	1	0	0	0	0	0	0	0	0
2908.jpg	1	0	0	0	0	0	0	0	0
2059.jpg	1	0	0	0	0	0	0	0	0
1974.jpg	1	0	0	0	0	0	0	0	0
83.jpg	1	0	0	0	0	0	0	0	0
1305.jpg	1	0	0	0	0	0	0	0	0
2098.jpg	1	0	0	0	0	0	0	0	0
1778.jpg	1	0	0	0	0	0	0	0	0
1176.jpg	1	0	0	0	0	0	0	0	0
1028.jpg	1	0	0	0	0	0	0	0	0
2083.jpg	1	0	0	0	0	0	0	0	0
2918.jpg	1	0	0	0	0	0	0	0	0
2851.jpg	1	0	0	0	0	0	0	0	0
2775.jpg	1	0	0	0	0	0	0	0	0
2158.jpg	1	0	0	0	0	0	0	0	0
2058.jpg	1	0	0	0	0	0	0	0	0
2711.jpg	1	0	0	0	0	0	0	0	0
1764.jpg	1	0	0	0	0	0	0	0	0
1481.jpg	1	0	0	0	0	0	0	0	0
1231.jpg	1	0	0	0	0	0	0	0	0
168.jpg	1	0	0	0	0	0	0	0	0
118.jpg	1	0	0	0	0	0	0	0	0
2213.jpg	1	0	0	0	0	0	0	0	0
816.jpg	1	0	0	0	0	0	0	0	0
2735.jpg	1	0	0	0	0	0	0	0	0
2455.jpg	1	0	0	0	0	0	0	0	0
2057.jpg	1	0	0	0	0	0	0	0	0
1341.jpg	1	0	0	0	0	0	0	0	0
1640.jpg	1	0	0	0	0	0	0	0	0
1954.jpg	1	0	0	0	0	0	0	0	0
1467.jpg	1	0	0	0	0	0	0	0	0
2085.jpg	1	0	0	0	0	0	0	0	0
1906.jpg	1	0	0	0	0	0	0	0	0
1390.jpg	1	0	0	0	0	0	0	0	0
1334.jpg	1	0	0	0	0	0	0	0	0
2211.jpg	1	0	0	0	0	0	0	0	0
1512.jpg	1	0	0	0	0	0	0	0	0
1089.jpg	1	0	0	0	0	0	0	0	0
2888.jpg	1	0	0	0	0	0	0	0	0
2005.jpg	1	0	0	0	0	0	0	0	0
1451.jpg	1	0	0	0	0	0	0	0	0
124.jpg	1	0	0	0	0	0	0	0	0
57.jpg	1	0	0	0	0	0	0	0	0
1508.jpg	1	0	0	0	0	0	0	0	0
1908.jpg	1	0	0	0	0	0	0	0	0
382.jpg	1	0	0	0	0	0	0	0	0
29.jpg	1	0	0	0	0	0	0	0	0
1998.jpg	1	0	0	0	0	0	0	0	0
1587.jpg	1	0	0	0	0	0	0	0	0
1397.jpg	1	0	0	0	0	0	0	0	0
2807.jpg	1	0	0	0	0	0	0	0	0
257.jpg	1	0	0	0	0	0	0	0	0
862.jpg	1	0	0	0	0	0	0	0	0
2732.jpg	1	0	0	0	0	0	0	0	0
238.jpg	1	0	0	0	0	0	0	0	0
18.jpg	1	0	0	0	0	0	0	0	0
1607.jpg	1	0	0	0	0	0	0	0	0
2207.jpg	1	0	0	0	0	0	0	0	0
2075.jpg	1	0	0	0	0	0	0	0	0
17.jpg	1	0	0	0	0	0	0	0	0
1059.jpg	1	0	0	0	0	0	0	0	0
1331.jpg	1	0	0	0	0	0	0	0	0
1958.jpg	1	0	0	0	0	0	0	0	0
1398.jpg	1	0	0	0	0	0	0	0	0
1686.jpg	1	0	0	0	0	0	0	0	0
2170.jpg	1	0	0	0	0	0	0	0	0
1841.jpg	1	0	0	0	0	0	0	0	0
1355.jpg	1	0	0	0	0	0	0	0	0
1611.jpg	1	0	0	0	0	0	0	0	0
210.jpg	1	0	0	0	0	0	0	0	0
1712.jpg	1	0	0	0	0	0	0	0	0
1369.jpg	1	0	0	0	0	0	0	0	0
2191.jpg	1	0	0	0	0	0	0	0	0
2061.jpg	1	0	0	0	0	0	0	0	0
338.jpg	1	0	0	0	0	0	0	0	0
1646.jpg	1	0	0	0	0	0	0	0	0
2020.jpg	1	0	0	0	0	0	0	0	0
1909.jpg	1	0	0	0	0	0	0	0	0
1862.jpg	1	0	0	0	0	0	0	0	0
71.jpg	1	0	0	0	0	0	0	0	0
1076.jpg	1	0	0	0	0	0	0	0	0
2863.jpg	1	0	0	0	0	0	0	0	0
1177.jpg	1	0	0	0	0	0	0	0	0
2814.jpg	1	0	0	0	0	0	0	0	0
1523.jpg	1	0	0	0	0	0	0	0	0
371.jpg	1	0	0	0	0	0	0	0	0
2772.jpg	1	0	0	0	0	0	0	0	0
2051.jpg	1	0	0	0	0	0	0	0	0
1140.jpg	1	0	0	0	0	0	0	0	0
61.jpg	1	0	0	0	0	0	0	0	0
2714.jpg	1	0	0	0	0	0	0	0	0
1450.jpg	1	0	0	0	0	0	0	0	0
1386.jpg	1	0	0	0	0	0	0	0	0
979.jpg	1	0	0	0	0	0	0	0	0
1294.jpg	1	0	0	0	0	0	0	0	0
2725.jpg	1	0	0	0	0	0	0	0	0
1733.jpg	1	0	0	0	0	0	0	0	0
2081.jpg	1	0	0	0	0	0	0	0	0
66.jpg	1	0	0	0	0	0	0	0	0
1168.jpg	1	0	0	0	0	0	0	0	0
1376.jpg	1	0	0	0	0	0	0	0	0
2119.jpg	1	0	0	0	0	0	0	0	0
1313.jpg	1	0	0	0	0	0	0	0	0
2168.jpg	1	0	0	0	0	0	0	0	0
2874.jpg	1	0	0	0	0	0	0	0	0
2764.jpg	1	0	0	0	0	0	0	0	0
23.jpg	1	0	0	0	0	0	0	0	0
1408.jpg	1	0	0	0	0	0	0	0	0
1344.jpg	1	0	0	0	0	0	0	0	0
2729.jpg	1	0	0	0	0	0	0	0	0
1281.jpg	1	0	0	0	0	0	0	0	0
1073.jpg	1	0	0	0	0	0	0	0	0
858.jpg	1	0	0	0	0	0	0	0	0
209.jpg	1	0	0	0	0	0	0	0	0
1246.jpg	1	0	0	0	0	0	0	0	0
2173.jpg	1	0	0	0	0	0	0	0	0
43.jpg	1	0	0	0	0	0	0	0	0
2866.jpg	1	0	0	0	0	0	0	0	0
318.jpg	1	0	0	0	0	0	0	0	0
350.jpg	1	0	0	0	0	0	0	0	0
1725.jpg	1	0	0	0	0	0	0	0	0
1650.jpg	1	0	0	0	0	0	0	0	0
2753.jpg	1	0	0	0	0	0	0	0	0
1142.jpg	1	0	0	0	0	0	0	0	0
1261.jpg	1	0	0	0	0	0	0	0	0
2179.jpg	1	0	0	0	0	0	0	0	0
2199.jpg	1	0	0	0	0	0	0	0	0
1840.jpg	1	0	0	0	0	0	0	0	0
275.jpg	1	0	0	0	0	0	0	0	0
1159.jpg	1	0	0	0	0	0	0	0	0
781.jpg	1	0	0	0	0	0	0	0	0
2042.jpg	1	0	0	0	0	0	0	0	0
364.jpg	1	0	0	0	0	0	0	0	0
2796.jpg	1	0	0	0	0	0	0	0	0
1013.jpg	1	0	0	0	0	0	0	0	0
1195.jpg	1	0	0	0	0	0	0	0	0
201.jpg	1	0	0	0	0	0	0	0	0
2121.jpg	1	0	0	0	0	0	0	0	0
1933.jpg	1	0	0	0	0	0	0	0	0
203.jpg	1	0	0	0	0	0	0	0	0
1308.jpg	1	0	0	0	0	0	0	0	0
2870.jpg	1	0	0	0	0	0	0	0	0
1406.jpg	1	0	0	0	0	0	0	0	0
1610.jpg	1	0	0	0	0	0	0	0	0
452.jpg	1	0	0	0	0	0	0	0	0
1496.jpg	1	0	0	0	0	0	0	0	0
1424.jpg	1	0	0	0	0	0	0	0	0
1947.jpg	1	0	0	0	0	0	0	0	0
2208.jpg	1	0	0	0	0	0	0	0	0
2747.jpg	1	0	0	0	0	0	0	0	0
1461.jpg	1	0	0	0	0	0	0	0	0
84.jpg	1	0	0	0	0	0	0	0	0
1299.jpg	1	0	0	0	0	0	0	0	0
1690.jpg	1	0	0	0	0	0	0	0	0
1506.jpg	1	0	0	0	0	0	0	0	0
2550.jpg	1	0	0	0	0	0	0	0	0
1288.jpg	1	0	0	0	0	0	0	0	0
1141.jpg	1	0	0	0	0	0	0	0	0
1671.jpg	1	0	0	0	0	0	0	0	0
1227.jpg	1	0	0	0	0	0	0	0	0
98.jpg	1	0	0	0	0	0	0	0	0
375.jpg	1	0	0	0	0	0	0	0	0
560.jpg	1	0	0	0	0	0	0	0	0
1166.jpg	1	0	0	0	0	0	0	0	0
1658.jpg	1	0	0	0	0	0	0	0	0
53.jpg	1	0	0	0	0	0	0	0	0
1966.jpg	1	0	0	0	0	0	0	0	0
2223.jpg	1	0	0	0	0	0	0	0	0
1364.jpg	1	0	0	0	0	0	0	0	0
1562.jpg	1	0	0	0	0	0	0	0	0
586.jpg	1	0	0	0	0	0	0	0	0
2047.jpg	1	0	0	0	0	0	0	0	0
359.jpg	1	0	0	0	0	0	0	0	0
1566.jpg	1	0	0	0	0	0	0	0	0
1969.jpg	1	0	0	0	0	0	0	0	0
2286.jpg	1	0	0	0	0	0	0	0	0
156.jpg	1	0	0	0	0	0	0	0	0
1318.jpg	1	0	0	0	0	0	0	0	0
2912.jpg	1	0	0	0	0	0	0	0	0
1976.jpg	1	0	0	0	0	0	0	0	0
1540.jpg	1	0	0	0	0	0	0	0	0
2741.jpg	1	0	0	0	0	0	0	0	0
1896.jpg	1	0	0	0	0	0	0	0	0
1524.jpg	1	0	0	0	0	0	0	0	0
1161.jpg	1	0	0	0	0	0	0	0	0
1973.jpg	1	0	0	0	0	0	0	0	0
198.jpg	1	0	0	0	0	0	0	0	0
1199.jpg	1	0	0	0	0	0	0	0	0
1008.jpg	1	0	0	0	0	0	0	0	0
2233.jpg	1	0	0	0	0	0	0	0	0
64.jpg	1	0	0	0	0	0	0	0	0
1953.jpg	1	0	0	0	0	0	0	0	0
1327.jpg	1	0	0	0	0	0	0	0	0
417.jpg	1	0	0	0	0	0	0	0	0
332.jpg	1	0	0	0	0	0	0	0	0
1387.jpg	1	0	0	0	0	0	0	0	0
1964.jpg	1	0	0	0	0	0	0	0	0
49.jpg	1	0	0	0	0	0	0	0	0
2875.jpg	1	0	0	0	0	0	0	0	0
1586.jpg	1	0	0	0	0	0	0	0	0
1009.jpg	1	0	0	0	0	0	0	0	0
2791.jpg	1	0	0	0	0	0	0	0	0
2089.jpg	1	0	0	0	0	0	0	0	0
229.jpg	1	0	0	0	0	0	0	0	0
1668.jpg	1	0	0	0	0	0	0	0	0
2922.jpg	1	0	0	0	0	0	0	0	0
2198.jpg	1	0	0	0	0	0	0	0	0
1480.jpg	1	0	0	0	0	0	0	0	0
1209.jpg	1	0	0	0	0	0	0	0	0
214.jpg	1	0	0	0	0	0	0	0	0
1956.jpg	1	0	0	0	0	0	0	0	0
1263.jpg	1	0	0	0	0	0	0	0	0
1552.jpg	1	0	0	0	0	0	0	0	0
2896.jpg	1	0	0	0	0	0	0	0	0
1475.jpg	1	0	0	0	0	0	0	0	0
1644.jpg	1	0	0	0	0	0	0	0	0
1497.jpg	1	0	0	0	0	0	0	0	0
2187.jpg	1	0	0	0	0	0	0	0	0
2867.jpg	1	0	0	0	0	0	0	0	0
13.jpg	1	0	0	0	0	0	0	0	0
1743.jpg	1	0	0	0	0	0	0	0	0
106.jpg	1	0	0	0	0	0	0	0	0
1740.jpg	1	0	0	0	0	0	0	0	0
2734.jpg	1	0	0	0	0	0	0	0	0
1456.jpg	1	0	0	0	0	0	0	0	0
703.jpg	1	0	0	0	0	0	0	0	0
1427.jpg	1	0	0	0	0	0	0	0	0
1119.jpg	1	0	0	0	0	0	0	0	0
2886.jpg	1	0	0	0	0	0	0	0	0
1636.jpg	1	0	0	0	0	0	0	0	0
1875.jpg	1	0	0	0	0	0	0	0	0
2178.jpg	1	0	0	0	0	0	0	0	0
2229.jpg	1	0	0	0	0	0	0	0	0
99.jpg	1	0	0	0	0	0	0	0	0
1208.jpg	1	0	0	0	0	0	0	0	0
1590.jpg	1	0	0	0	0	0	0	0	0
2749.jpg	1	0	0	0	0	0	0	0	0
2278.jpg	1	0	0	0	0	0	0	0	0
2010.jpg	1	0	0	0	0	0	0	0	0
384.jpg	1	0	0	0	0	0	0	0	0
1828.jpg	1	0	0	0	0	0	0	0	0
415.jpg	1	0	0	0	0	0	0	0	0
2739.jpg	1	0	0	0	0	0	0	0	0
2130.jpg	1	0	0	0	0	0	0	0	0
1560.jpg	1	0	0	0	0	0	0	0	0
1700.jpg	1	0	0	0	0	0	0	0	0
1820.jpg	1	0	0	0	0	0	0	0	0
155.jpg	1	0	0	0	0	0	0	0	0
2028.jpg	1	0	0	0	0	0	0	0	0
1817.jpg	1	0	0	0	0	0	0	0	0
1793.jpg	1	0	0	0	0	0	0	0	0
757.jpg	1	0	0	0	0	0	0	0	0
1310.jpg	1	0	0	0	0	0	0	0	0
2882.jpg	1	0	0	0	0	0	0	0	0
1689.jpg	1	0	0	0	0	0	0	0	0
1030.jpg	1	0	0	0	0	0	0	0	0
1206.jpg	1	0	0	0	0	0	0	0	0
1457.jpg	1	0	0	0	0	0	0	0	0
173.jpg	1	0	0	0	0	0	0	0	0
1550.jpg	1	0	0	0	0	0	0	0	0
1752.jpg	1	0	0	0	0	0	0	0	0
1267.jpg	1	0	0	0	0	0	0	0	0
123.jpg	1	0	0	0	0	0	0	0	0
1211.jpg	1	0	0	0	0	0	0	0	0
2135.jpg	1	0	0	0	0	0	0	0	0
1381.jpg	1	0	0	0	0	0	0	0	0
2022.jpg	1	0	0	0	0	0	0	0	0
1491.jpg	1	0	0	0	0	0	0	0	0
1514.jpg	1	0	0	0	0	0	0	0	0
1472.jpg	1	0	0	0	0	0	0	0	0
2268.jpg	1	0	0	0	0	0	0	0	0
352.jpg	1	0	0	0	0	0	0	0	0
2285.jpg	1	0	0	0	0	0	0	0	0
50.jpg	1	0	0	0	0	0	0	0	0
39.jpg	1	0	0	0	0	0	0	0	0
341.jpg	1	0	0	0	0	0	0	0	0
1944.jpg	1	0	0	0	0	0	0	0	0
1678.jpg	1	0	0	0	0	0	0	0	0
1782.jpg	1	0	0	0	0	0	0	0	0
2792.jpg	1	0	0	0	0	0	0	0	0
2072.jpg	1	0	0	0	0	0	0	0	0
1379.jpg	1	0	0	0	0	0	0	0	0
1802.jpg	1	0	0	0	0	0	0	0	0
2166.jpg	1	0	0	0	0	0	0	0	0
1655.jpg	1	0	0	0	0	0	0	0	0
55.jpg	1	0	0	0	0	0	0	0	0
2069.jpg	1	0	0	0	0	0	0	0	0
1007.jpg	1	0	0	0	0	0	0	0	0
1150.jpg	1	0	0	0	0	0	0	0	0
2265.jpg	1	0	0	0	0	0	0	0	0
2053.jpg	1	0	0	0	0	0	0	0	0
600.jpg	1	0	0	0	0	0	0	0	0
281.jpg	1	0	0	0	0	0	0	0	0
1134.jpg	1	0	0	0	0	0	0	0	0
1846.jpg	1	0	0	0	0	0	0	0	0
2884.jpg	1	0	0	0	0	0	0	0	0
1603.jpg	1	0	0	0	0	0	0	0	0
1383.jpg	1	0	0	0	0	0	0	0	0
31.jpg	1	0	0	0	0	0	0	0	0
1430.jpg	1	0	0	0	0	0	0	0	0
1868.jpg	1	0	0	0	0	0	0	0	0
2904.jpg	1	0	0	0	0	0	0	0	0
1183.jpg	1	0	0	0	0	0	0	0	0
1314.jpg	1	0	0	0	0	0	0	0	0
2034.jpg	1	0	0	0	0	0	0	0	0
389.jpg	1	0	0	0	0	0	0	0	0
2018.jpg	1	0	0	0	0	0	0	0	0
1975.jpg	1	0	0	0	0	0	0	0	0
1488.jpg	1	0	0	0	0	0	0	0	0
1152.jpg	1	0	0	0	0	0	0	0	0
1413.jpg	1	0	0	0	0	0	0	0	0
2202.jpg	1	0	0	0	0	0	0	0	0
1419.jpg	1	0	0	0	0	0	0	0	0
2026.jpg	1	0	0	0	0	0	0	0	0
2704.jpg	1	0	0	0	0	0	0	0	0
1217.jpg	1	0	0	0	0	0	0	0	0
70.jpg	1	0	0	0	0	0	0	0	0
443.jpg	1	0	0	0	0	0	0	0	0
90.jpg	1	0	0	0	0	0	0	0	0
2266.jpg	1	0	0	0	0	0	0	0	0
1124.jpg	1	0	0	0	0	0	0	0	0
1518.jpg	1	0	0	0	0	0	0	0	0
1777.jpg	1	0	0	0	0	0	0	0	0
1316.jpg	1	0	0	0	0	0	0	0	0
1394.jpg	1	0	0	0	0	0	0	0	0
285.jpg	1	0	0	0	0	0	0	0	0
1869.jpg	1	0	0	0	0	0	0	0	0
78.jpg	1	0	0	0	0	0	0	0	0
2845.jpg	1	0	0	0	0	0	0	0	0
2885.jpg	1	0	0	0	0	0	0	0	0
2172.jpg	1	0	0	0	0	0	0	0	0
472.jpg	1	0	0	0	0	0	0	0	0
1268.jpg	1	0	0	0	0	0	0	0	0
555.jpg	1	0	0	0	0	0	0	0	0
1833.jpg	1	0	0	0	0	0	0	0	0
1790.jpg	1	0	0	0	0	0	0	0	0
2810.jpg	1	0	0	0	0	0	0	0	0
1002.jpg	1	0	0	0	0	0	0	0	0
328.jpg	1	0	0	0	0	0	0	0	0
1372.jpg	1	0	0	0	0	0	0	0	0
2127.jpg	1	0	0	0	0	0	0	0	0
2224.jpg	1	0	0	0	0	0	0	0	0
1696.jpg	1	0	0	0	0	0	0	0	0
1114.jpg	1	0	0	0	0	0	0	0	0
1930.jpg	1	0	0	0	0	0	0	0	0
1432.jpg	1	0	0	0	0	0	0	0	0
2032.jpg	1	0	0	0	0	0	0	0	0
1865.jpg	1	0	0	0	0	0	0	0	0
1454.jpg	1	0	0	0	0	0	0	0	0
2716.jpg	1	0	0	0	0	0	0	0	0
1889.jpg	1	0	0	0	0	0	0	0	0
603.jpg	1	0	0	0	0	0	0	0	0
337.jpg	1	0	0	0	0	0	0	0	0
1492.jpg	1	0	0	0	0	0	0	0	0
1767.jpg	1	0	0	0	0	0	0	0	0
1123.jpg	1	0	0	0	0	0	0	0	0
2169.jpg	1	0	0	0	0	0	0	0	0
1564.jpg	1	0	0	0	0	0	0	0	0
1239.jpg	1	0	0	0	0	0	0	0	0
1452.jpg	1	0	0	0	0	0	0	0	0
2118.jpg	1	0	0	0	0	0	0	0	0
1247.jpg	1	0	0	0	0	0	0	0	0
2241.jpg	1	0	0	0	0	0	0	0	0
310.jpg	1	0	0	0	0	0	0	0	0
442.jpg	1	0	0	0	0	0	0	0	0
2823.jpg	1	0	0	0	0	0	0	0	0
1498.jpg	1	0	0	0	0	0	0	0	0
2907.jpg	1	0	0	0	0	0	0	0	0
1298.jpg	1	0	0	0	0	0	0	0	0
2247.jpg	1	0	0	0	0	0	0	0	0
351.jpg	1	0	0	0	0	0	0	0	0
1066.jpg	1	0	0	0	0	0	0	0	0
511.jpg	1	0	0	0	0	0	0	0	0
2291.jpg	1	0	0	0	0	0	0	0	0
2865.jpg	1	0	0	0	0	0	0	0	0
2742.jpg	1	0	0	0	0	0	0	0	0
2123.jpg	1	0	0	0	0	0	0	0	0
2110.jpg	1	0	0	0	0	0	0	0	0
1663.jpg	1	0	0	0	0	0	0	0	0
1429.jpg	1	0	0	0	0	0	0	0	0
1913.jpg	1	0	0	0	0	0	0	0	0
1503.jpg	1	0	0	0	0	0	0	0	0
326.jpg	1	0	0	0	0	0	0	0	0
1718.jpg	1	0	0	0	0	0	0	0	0
1172.jpg	1	0	0	0	0	0	0	0	0
1384.jpg	1	0	0	0	0	0	0	0	0
293.jpg	1	0	0	0	0	0	0	0	0
2039.jpg	1	0	0	0	0	0	0	0	0
1325.jpg	1	0	0	0	0	0	0	0	0
2273.jpg	1	0	0	0	0	0	0	0	0
204.jpg	1	0	0	0	0	0	0	0	0
1516.jpg	1	0	0	0	0	0	0	0	0
2460.jpg	1	0	0	0	0	0	0	0	0
309.jpg	1	0	0	0	0	0	0	0	0
186.jpg	1	0	0	0	0	0	0	0	0
1831.jpg	1	0	0	0	0	0	0	0	0
2132.jpg	1	0	0	0	0	0	0	0	0
1895.jpg	1	0	0	0	0	0	0	0	0
2757.jpg	1	0	0	0	0	0	0	0	0
1356.jpg	1	0	0	0	0	0	0	0	0
1924.jpg	1	0	0	0	0	0	0	0	0
97.jpg	1	0	0	0	0	0	0	0	0
1411.jpg	1	0	0	0	0	0	0	0	0
2892.jpg	1	0	0	0	0	0	0	0	0
347.jpg	1	0	0	0	0	0	0	0	0
107.jpg	1	0	0	0	0	0	0	0	0
2094.jpg	1	0	0	0	0	0	0	0	0
1708.jpg	1	0	0	0	0	0	0	0	0
1257.jpg	1	0	0	0	0	0	0	0	0
1721.jpg	1	0	0	0	0	0	0	0	0
1852.jpg	1	0	0	0	0	0	0	0	0
1380.jpg	1	0	0	0	0	0	0	0	0
2045.jpg	1	0	0	0	0	0	0	0	0
1173.jpg	1	0	0	0	0	0	0	0	0
1428.jpg	1	0	0	0	0	0	0	0	0
1099.jpg	1	0	0	0	0	0	0	0	0
888.jpg	1	0	0	0	0	0	0	0	0
1723.jpg	1	0	0	0	0	0	0	0	0
1776.jpg	1	0	0	0	0	0	0	0	0
2281.jpg	1	0	0	0	0	0	0	0	0
1534.jpg	1	0	0	0	0	0	0	0	0
1757.jpg	1	0	0	0	0	0	0	0	0
2150.jpg	1	0	0	0	0	0	0	0	0
2920.jpg	1	0	0	0	0	0	0	0	0
1825.jpg	1	0	0	0	0	0	0	0	0
21.jpg	1	0	0	0	0	0	0	0	0
1727.jpg	1	0	0	0	0	0	0	0	0
1709.jpg	1	0	0	0	0	0	0	0	0
363.jpg	1	0	0	0	0	0	0	0	0
1250.jpg	1	0	0	0	0	0	0	0	0
2769.jpg	1	0	0	0	0	0	0	0	0
1357.jpg	1	0	0	0	0	0	0	0	0
2514.jpg	1	0	0	0	0	0	0	0	0
322.jpg	1	0	0	0	0	0	0	0	0
2097.jpg	1	0	0	0	0	0	0	0	0
2842.jpg	1	0	0	0	0	0	0	0	0
1174.jpg	1	0	0	0	0	0	0	0	0
1003.jpg	1	0	0	0	0	0	0	0	0
1857.jpg	1	0	0	0	0	0	0	0	0
1145.jpg	1	0	0	0	0	0	0	0	0
1122.jpg	1	0	0	0	0	0	0	0	0
817.jpg	1	0	0	0	0	0	0	0	0
170.jpg	1	0	0	0	0	0	0	0	0
2244.jpg	1	0	0	0	0	0	0	0	0
2152.jpg	1	0	0	0	0	0	0	0	0
1474.jpg	1	0	0	0	0	0	0	0	0
1753.jpg	1	0	0	0	0	0	0	0	0
2733.jpg	1	0	0	0	0	0	0	0	0
1517.jpg	1	0	0	0	0	0	0	0	0
1620.jpg	1	0	0	0	0	0	0	0	0
2787.jpg	1	0	0	0	0	0	0	0	0
119.jpg	1	0	0	0	0	0	0	0	0
1502.jpg	1	0	0	0	0	0	0	0	0
2272.jpg	1	0	0	0	0	0	0	0	0
444.jpg	1	0	0	0	0	0	0	0	0
2859.jpg	1	0	0	0	0	0	0	0	0
1902.jpg	1	0	0	0	0	0	0	0	0
2854.jpg	1	0	0	0	0	0	0	0	0
1923.jpg	1	0	0	0	0	0	0	0	0
370.jpg	1	0	0	0	0	0	0	0	0
1529.jpg	1	0	0	0	0	0	0	0	0
1100.jpg	1	0	0	0	0	0	0	0	0
1033.jpg	1	0	0	0	0	0	0	0	0
2288.jpg	1	0	0	0	0	0	0	0	0
1088.jpg	1	0	0	0	0	0	0	0	0
1842.jpg	1	0	0	0	0	0	0	0	0
223.jpg	1	0	0	0	0	0	0	0	0
2111.jpg	1	0	0	0	0	0	0	0	0
907.jpg	1	0	0	0	0	0	0	0	0
994.jpg	1	0	0	0	0	0	0	0	0
1444.jpg	1	0	0	0	0	0	0	0	0
205.jpg	1	0	0	0	0	0	0	0	0
2730.jpg	1	0	0	0	0	0	0	0	0
1694.jpg	1	0	0	0	0	0	0	0	0
353.jpg	1	0	0	0	0	0	0	0	0
240.jpg	1	0	0	0	0	0	0	0	0
263.jpg	1	0	0	0	0	0	0	0	0
1423.jpg	1	0	0	0	0	0	0	0	0
1623.jpg	1	0	0	0	0	0	0	0	0
1942.jpg	1	0	0	0	0	0	0	0	0
237.jpg	1	0	0	0	0	0	0	0	0
2162.jpg	1	0	0	0	0	0	0	0	0
2117.jpg	1	0	0	0	0	0	0	0	0
2846.jpg	1	0	0	0	0	0	0	0	0
1547.jpg	1	0	0	0	0	0	0	0	0
1322.jpg	1	0	0	0	0	0	0	0	0
2289.jpg	1	0	0	0	0	0	0	0	0
2231.jpg	1	0	0	0	0	0	0	0	0
1984.jpg	1	0	0	0	0	0	0	0	0
1576.jpg	1	0	0	0	0	0	0	0	0
307.jpg	1	0	0	0	0	0	0	0	0
2847.jpg	1	0	0	0	0	0	0	0	0
241.jpg	1	0	0	0	0	0	0	0	0
1996.jpg	1	0	0	0	0	0	0	0	0
1056.jpg	1	0	0	0	0	0	0	0	0
529.jpg	1	0	0	0	0	0	0	0	0
450.jpg	1	0	0	0	0	0	0	0	0
319.jpg	1	0	0	0	0	0	0	0	0
1702.jpg	1	0	0	0	0	0	0	0	0
1505.jpg	1	0	0	0	0	0	0	0	0
65.jpg	1	0	0	0	0	0	0	0	0
85.jpg	1	0	0	0	0	0	0	0	0
2853.jpg	1	0	0	0	0	0	0	0	0
1412.jpg	1	0	0	0	0	0	0	0	0
1252.jpg	1	0	0	0	0	0	0	0	0
2154.jpg	1	0	0	0	0	0	0	0	0
2264.jpg	1	0	0	0	0	0	0	0	0
187.jpg	1	0	0	0	0	0	0	0	0
1417.jpg	1	0	0	0	0	0	0	0	0
1861.jpg	1	0	0	0	0	0	0	0	0
1359.jpg	1	0	0	0	0	0	0	0	0
2246.jpg	1	0	0	0	0	0	0	0	0
109.jpg	1	0	0	0	0	0	0	0	0
1863.jpg	1	0	0	0	0	0	0	0	0
1131.jpg	1	0	0	0	0	0	0	0	0
157.jpg	1	0	0	0	0	0	0	0	0
1285.jpg	1	0	0	0	0	0	0	0	0
2225.jpg	1	0	0	0	0	0	0	0	0
1665.jpg	1	0	0	0	0	0	0	0	0
1235.jpg	1	0	0	0	0	0	0	0	0
1214.jpg	1	0	0	0	0	0	0	0	0
283.jpg	1	0	0	0	0	0	0	0	0
2754.jpg	1	0	0	0	0	0	0	0	0
216.jpg	1	0	0	0	0	0	0	0	0
2889.jpg	1	0	0	0	0	0	0	0	0
1086.jpg	1	0	0	0	0	0	0	0	0
1768.jpg	1	0	0	0	0	0	0	0	0
1320.jpg	1	0	0	0	0	0	0	0	0
360.jpg	1	0	0	0	0	0	0	0	0
2261.jpg	1	0	0	0	0	0	0	0	0
1070.jpg	1	0	0	0	0	0	0	0	0
2849.jpg	1	0	0	0	0	0	0	0	0
1897.jpg	1	0	0	0	0	0	0	0	0
1438.jpg	1	0	0	0	0	0	0	0	0
1228.jpg	1	0	0	0	0	0	0	0	0
2164.jpg	1	0	0	0	0	0	0	0	0
1872.jpg	1	0	0	0	0	0	0	0	0
130.jpg	1	0	0	0	0	0	0	0	0
4.jpg	1	0	0	0	0	0	0	0	0
1343.jpg	1	0	0	0	0	0	0	0	0
1599.jpg	1	0	0	0	0	0	0	0	0
1786.jpg	1	0	0	0	0	0	0	0	0
2915.jpg	1	0	0	0	0	0	0	0	0
1021.jpg	1	0	0	0	0	0	0	0	0
1634.jpg	1	0	0	0	0	0	0	0	0
1324.jpg	1	0	0	0	0	0	0	0	0
259.jpg	1	0	0	0	0	0	0	0	0
749.jpg	1	0	0	0	0	0	0	0	0
1420.jpg	1	0	0	0	0	0	0	0	0
1880.jpg	1	0	0	0	0	0	0	0	0
2906.jpg	1	0	0	0	0	0	0	0	0
2050.jpg	1	0	0	0	0	0	0	0	0
1296.jpg	1	0	0	0	0	0	0	0	0
2240.jpg	1	0	0	0	0	0	0	0	0
2721.jpg	1	0	0	0	0	0	0	0	0
1803.jpg	1	0	0	0	0	0	0	0	0
435.jpg	1	0	0	0	0	0	0	0	0
1627.jpg	1	0	0	0	0	0	0	0	0
2250.jpg	1	0	0	0	0	0	0	0	0
2784.jpg	1	0	0	0	0	0	0	0	0
1.jpg	1	0	0	0	0	0	0	0	0
2798.jpg	1	0	0	0	0	0	0	0	0
1367.jpg	1	0	0	0	0	0	0	0	0
1572.jpg	1	0	0	0	0	0	0	0	0
1557.jpg	1	0	0	0	0	0	0	0	0
2146.jpg	1	0	0	0	0	0	0	0	0
2079.jpg	1	0	0	0	0	0	0	0	0
1698.jpg	1	0	0	0	0	0	0	0	0
482.jpg	1	0	0	0	0	0	0	0	0
1072.jpg	1	0	0	0	0	0	0	0	0
871.jpg	1	0	0	0	0	0	0	0	0
2031.jpg	1	0	0	0	0	0	0	0	0
509.jpg	1	0	0	0	0	0	0	0	0
1935.jpg	1	0	0	0	0	0	0	0	0
2836.jpg	1	0	0	0	0	0	0	0	0
1005.jpg	1	0	0	0	0	0	0	0	0
1373.jpg	1	0	0	0	0	0	0	0	0
154.jpg	1	0	0	0	0	0	0	0	0
1575.jpg	1	0	0	0	0	0	0	0	0
2021.jpg	1	0	0	0	0	0	0	0	0
93.jpg	1	0	0	0	0	0	0	0	0
2023.jpg	1	0	0	0	0	0	0	0	0
2895.jpg	1	0	0	0	0	0	0	0	0
1829.jpg	1	0	0	0	0	0	0	0	0
437.jpg	1	0	0	0	0	0	0	0	0
1232.jpg	1	0	0	0	0	0	0	0	0
1495.jpg	1	0	0	0	0	0	0	0	0
2270.jpg	1	0	0	0	0	0	0	0	0
1601.jpg	1	0	0	0	0	0	0	0	0
60.jpg	1	0	0	0	0	0	0	0	0
266.jpg	1	0	0	0	0	0	0	0	0
87.jpg	1	0	0	0	0	0	0	0	0
143.jpg	1	0	0	0	0	0	0	0	0
1520.jpg	1	0	0	0	0	0	0	0	0
1789.jpg	1	0	0	0	0	0	0	0	0
1673.jpg	1	0	0	0	0	0	0	0	0
101.jpg	1	0	0	0	0	0	0	0	0
1656.jpg	1	0	0	0	0	0	0	0	0
1687.jpg	1	0	0	0	0	0	0	0	0
2745.jpg	1	0	0	0	0	0	0	0	0
424.jpg	1	0	0	0	0	0	0	0	0
383.jpg	1	0	0	0	0	0	0	0	0
357.jpg	1	0	0	0	0	0	0	0	0
1632.jpg	1	0	0	0	0	0	0	0	0
317.jpg	1	0	0	0	0	0	0	0	0
2819.jpg	1	0	0	0	0	0	0	0	0
126.jpg	1	0	0	0	0	0	0	0	0
151.jpg	1	0	0	0	0	0	0	0	0
493.jpg	1	0	0	0	0	0	0	0	0
1546.jpg	1	0	0	0	0	0	0	0	0
1912.jpg	1	0	0	0	0	0	0	0	0
2153.jpg	1	0	0	0	0	0	0	0	0
2185.jpg	1	0	0	0	0	0	0	0	0
1538.jpg	1	0	0	0	0	0	0	0	0
1272.jpg	1	0	0	0	0	0	0	0	0
30.jpg	1	0	0	0	0	0	0	0	0
2124.jpg	1	0	0	0	0	0	0	0	0
1745.jpg	1	0	0	0	0	0	0	0	0
2144.jpg	1	0	0	0	0	0	0	0	0
1300.jpg	1	0	0	0	0	0	0	0	0
1238.jpg	1	0	0	0	0	0	0	0	0
1057.jpg	1	0	0	0	0	0	0	0	0
2921.jpg	1	0	0	0	0	0	0	0	0
1170.jpg	1	0	0	0	0	0	0	0	0
1827.jpg	1	0	0	0	0	0	0	0	0
1554.jpg	1	0	0	0	0	0	0	0	0
1555.jpg	1	0	0	0	0	0	0	0	0
1645.jpg	1	0	0	0	0	0	0	0	0
2825.jpg	1	0	0	0	0	0	0	0	0
1563.jpg	1	0	0	0	0	0	0	0	0
1543.jpg	1	0	0	0	0	0	0	0	0
140.jpg	1	0	0	0	0	0	0	0	0
356.jpg	1	0	0	0	0	0	0	0	0
1194.jpg	1	0	0	0	0	0	0	0	0
327.jpg	1	0	0	0	0	0	0	0	0
159.jpg	1	0	0	0	0	0	0	0	0
1090.jpg	1	0	0	0	0	0	0	0	0
2751.jpg	1	0	0	0	0	0	0	0	0
1445.jpg	1	0	0	0	0	0	0	0	0
1884.jpg	1	0	0	0	0	0	0	0	0
1738.jpg	1	0	0	0	0	0	0	0	0
244.jpg	1	0	0	0	0	0	0	0	0
287.jpg	1	0	0	0	0	0	0	0	0
495.jpg	1	0	0	0	0	0	0	0	0
1997.jpg	1	0	0	0	0	0	0	0	0
1354.jpg	1	0	0	0	0	0	0	0	0
161.jpg	1	0	0	0	0	0	0	0	0
274.jpg	1	0	0	0	0	0	0	0	0
582.jpg	1	0	0	0	0	0	0	0	0
1081.jpg	1	0	0	0	0	0	0	0	0
1045.jpg	1	0	0	0	0	0	0	0	0
1746.jpg	1	0	0	0	0	0	0	0	0
102.jpg	1	0	0	0	0	0	0	0	0
2718.jpg	1	0	0	0	0	0	0	0	0
2140.jpg	1	0	0	0	0	0	0	0	0
2708.jpg	1	0	0	0	0	0	0	0	0
1202.jpg	1	0	0	0	0	0	0	0	0
999.jpg	1	0	0	0	0	0	0	0	0
1836.jpg	1	0	0	0	0	0	0	0	0
1808.jpg	1	0	0	0	0	0	0	0	0
1092.jpg	1	0	0	0	0	0	0	0	0
222.jpg	1	0	0	0	0	0	0	0	0
2710.jpg	1	0	0	0	0	0	0	0	0
1236.jpg	1	0	0	0	0	0	0	0	0
303.jpg	1	0	0	0	0	0	0	0	0
1067.jpg	1	0	0	0	0	0	0	0	0
1332.jpg	1	0	0	0	0	0	0	0	0
1276.jpg	1	0	0	0	0	0	0	0	0
1147.jpg	1	0	0	0	0	0	0	0	0
75.jpg	1	0	0	0	0	0	0	0	0
2125.jpg	1	0	0	0	0	0	0	0	0
2785.jpg	1	0	0	0	0	0	0	0	0
255.jpg	1	0	0	0	0	0	0	0	0
1943.jpg	1	0	0	0	0	0	0	0	0
1396.jpg	1	0	0	0	0	0	0	0	0
2803.jpg	1	0	0	0	0	0	0	0	0
2167.jpg	1	0	0	0	0	0	0	0	0
1606.jpg	1	0	0	0	0	0	0	0	0
132.jpg	1	0	0	0	0	0	0	0	0
1952.jpg	1	0	0	0	0	0	0	0	0
2292.jpg	1	0	0	0	0	0	0	0	0
1187.jpg	1	0	0	0	0	0	0	0	0
2238.jpg	1	0	0	0	0	0	0	0	0
1995.jpg	1	0	0	0	0	0	0	0	0
2903.jpg	1	0	0	0	0	0	0	0	0
1121.jpg	1	0	0	0	0	0	0	0	0
2731.jpg	1	0	0	0	0	0	0	0	0
1259.jpg	1	0	0	0	0	0	0	0	0
2242.jpg	1	0	0	0	0	0	0	0	0
1198.jpg	1	0	0	0	0	0	0	0	0
1617.jpg	1	0	0	0	0	0	0	0	0
2276.jpg	1	0	0	0	0	0	0	0	0
9.jpg	1	0	0	0	0	0	0	0	0
104.jpg	1	0	0	0	0	0	0	0	0
1405.jpg	1	0	0	0	0	0	0	0	0
374.jpg	1	0	0	0	0	0	0	0	0
1729.jpg	1	0	0	0	0	0	0	0	0
1273.jpg	1	0	0	0	0	0	0	0	0
2186.jpg	1	0	0	0	0	0	0	0	0
1403.jpg	1	0	0	0	0	0	0	0	0
1295.jpg	1	0	0	0	0	0	0	0	0
2770.jpg	1	0	0	0	0	0	0	0	0
1399.jpg	1	0	0	0	0	0	0	0	0
1955.jpg	1	0	0	0	0	0	0	0	0
1434.jpg	1	0	0	0	0	0	0	0	0
35.jpg	1	0	0	0	0	0	0	0	0
1885.jpg	1	0	0	0	0	0	0	0	0
1931.jpg	1	0	0	0	0	0	0	0	0
1350.jpg	1	0	0	0	0	0	0	0	0
1890.jpg	1	0	0	0	0	0	0	0	0
211.jpg	1	0	0	0	0	0	0	0	0
2290.jpg	1	0	0	0	0	0	0	0	0
349.jpg	1	0	0	0	0	0	0	0	0
120.jpg	1	0	0	0	0	0	0	0	0
239.jpg	1	0	0	0	0	0	0	0	0
1878.jpg	1	0	0	0	0	0	0	0	0
1598.jpg	1	0	0	0	0	0	0	0	0
2145.jpg	1	0	0	0	0	0	0	0	0
1571.jpg	1	0	0	0	0	0	0	0	0
1446.jpg	1	0	0	0	0	0	0	0	0
2084.jpg	1	0	0	0	0	0	0	0	0
217.jpg	1	0	0	0	0	0	0	0	0
2177.jpg	1	0	0	0	0	0	0	0	0
1891.jpg	1	0	0	0	0	0	0	0	0
24.jpg	1	0	0	0	0	0	0	0	0
1127.jpg	1	0	0	0	0	0	0	0	0
2891.jpg	1	0	0	0	0	0	0	0	0
407.jpg	1	0	0	0	0	0	0	0	0
1284.jpg	1	0	0	0	0	0	0	0	0
2738.jpg	1	0	0	0	0	0	0	0	0
1940.jpg	1	0	0	0	0	0	0	0	0
1630.jpg	1	0	0	0	0	0	0	0	0
1180.jpg	1	0	0	0	0	0	0	0	0
522.jpg	1	0	0	0	0	0	0	0	0
2831.jpg	1	0	0	0	0	0	0	0	0
2033.jpg	1	0	0	0	0	0	0	0	0
1000.jpg	1	0	0	0	0	0	0	0	0
1256.jpg	1	0	0	0	0	0	0	0	0
445.jpg	1	0	0	0	0	0	0	0	0
199.jpg	1	0	0	0	0	0	0	0	0
1675.jpg	1	0	0	0	0	0	0	0	0
146.jpg	1	0	0	0	0	0	0	0	0
1478.jpg	1	0	0	0	0	0	0	0	0
1484.jpg	1	0	0	0	0	0	0	0	0
2232.jpg	1	0	0	0	0	0	0	0	0
32.jpg	1	0	0	0	0	0	0	0	0
2804.jpg	1	0	0	0	0	0	0	0	0
2723.jpg	1	0	0	0	0	0	0	0	0
2220.jpg	1	0	0	0	0	0	0	0	0
1835.jpg	1	0	0	0	0	0	0	0	0
1985.jpg	1	0	0	0	0	0	0	0	0
512.jpg	1	0	0	0	0	0	0	0	0
573.jpg	1	0	0	0	0	0	0	0	0
1810.jpg	1	0	0	0	0	0	0	0	0
81.jpg	1	0	0	0	0	0	0	0	0
508.jpg	1	0	0	0	0	0	0	0	0
1592.jpg	1	0	0	0	0	0	0	0	0
2876.jpg	1	0	0	0	0	0	0	0	0
20.jpg	1	0	0	0	0	0	0	0	0
1999.jpg	1	0	0	0	0	0	0	0	0
996.jpg	1	0	0	0	0	0	0	0	0
1844.jpg	1	0	0	0	0	0	0	0	0
1513.jpg	1	0	0	0	0	0	0	0	0
1302.jpg	1	0	0	0	0	0	0	0	0
2756.jpg	1	0	0	0	0	0	0	0	0
184.jpg	1	0	0	0	0	0	0	0	0
1621.jpg	1	0	0	0	0	0	0	0	0
1677.jpg	1	0	0	0	0	0	0	0	0
2297.jpg	1	0	0	0	0	0	0	0	0
1773.jpg	1	0	0	0	0	0	0	0	0
249.jpg	1	0	0	0	0	0	0	0	0
2253.jpg	1	0	0	0	0	0	0	0	0
373.jpg	1	0	0	0	0	0	0	0	0
1105.jpg	1	0	0	0	0	0	0	0	0
1774.jpg	1	0	0	0	0	0	0	0	0
182.jpg	1	0	0	0	0	0	0	0	0
138.jpg	1	0	0	0	0	0	0	0	0
1156.jpg	1	0	0	0	0	0	0	0	0
247.jpg	1	0	0	0	0	0	0	0	0
179.jpg	1	0	0	0	0	0	0	0	0
2175.jpg	1	0	0	0	0	0	0	0	0
1466.jpg	1	0	0	0	0	0	0	0	0
1269.jpg	1	0	0	0	0	0	0	0	0
2011.jpg	1	0	0	0	0	0	0	0	0
1184.jpg	1	0	0	0	0	0	0	0	0
2465.jpg	1	0	0	0	0	0	0	0	0
1798.jpg	1	0	0	0	0	0	0	0	0
1370.jpg	1	0	0	0	0	0	0	0	0
1421.jpg	1	0	0	0	0	0	0	0	0
1031.jpg	1	0	0	0	0	0	0	0	0
231.jpg	1	0	0	0	0	0	0	0	0
2133.jpg	1	0	0	0	0	0	0	0	0
521.jpg	1	0	0	0	0	0	0	0	0
2858.jpg	1	0	0	0	0	0	0	0	0
1213.jpg	1	0	0	0	0	0	0	0	0
344.jpg	1	0	0	0	0	0	0	0	0
1510.jpg	1	0	0	0	0	0	0	0	0
1328.jpg	1	0	0	0	0	0	0	0	0
1391.jpg	1	0	0	0	0	0	0	0	0
1747.jpg	1	0	0	0	0	0	0	0	0
127.jpg	1	0	0	0	0	0	0	0	0
1945.jpg	1	0	0	0	0	0	0	0	0
1719.jpg	1	0	0	0	0	0	0	0	0
1672.jpg	1	0	0	0	0	0	0	0	0
2909.jpg	1	0	0	0	0	0	0	0	0
153.jpg	1	0	0	0	0	0	0	0	0
2163.jpg	1	0	0	0	0	0	0	0	0
202.jpg	1	0	0	0	0	0	0	0	0
1910.jpg	1	0	0	0	0	0	0	0	0
362.jpg	1	0	0	0	0	0	0	0	0
2151.jpg	1	0	0	0	0	0	0	0	0
105.jpg	1	0	0	0	0	0	0	0	0
27.jpg	1	0	0	0	0	0	0	0	0
2036.jpg	1	0	0	0	0	0	0	0	0
2897.jpg	1	0	0	0	0	0	0	0	0
2222.jpg	1	0	0	0	0	0	0	0	0
1669.jpg	1	0	0	0	0	0	0	0	0
2755.jpg	1	0	0	0	0	0	0	0	0
1365.jpg	1	0	0	0	0	0	0	0	0
63.jpg	1	0	0	0	0	0	0	0	0
2184.jpg	1	0	0	0	0	0	0	0	0
1901.jpg	1	0	0	0	0	0	0	0	0
2008.jpg	1	0	0	0	0	0	0	0	0
2040.jpg	1	0	0	0	0	0	0	0	0
2780.jpg	1	0	0	0	0	0	0	0	0
1098.jpg	1	0	0	0	0	0	0	0	0
2230.jpg	1	0	0	0	0	0	0	0	0
2813.jpg	1	0	0	0	0	0	0	0	0
1775.jpg	1	0	0	0	0	0	0	0	0
1527.jpg	1	0	0	0	0	0	0	0	0
2189.jpg	1	0	0	0	0	0	0	0	0
1972.jpg	1	0	0	0	0	0	0	0	0
2878.jpg	1	0	0	0	0	0	0	0	0
1243.jpg	1	0	0	0	0	0	0	0	0
2820.jpg	1	0	0	0	0	0	0	0	0
2518.jpg	1	0	0	0	0	0	0	0	0
2830.jpg	1	0	0	0	0	0	0	0	0
2765.jpg	1	0	0	0	0	0	0	0	0
103.jpg	1	0	0	0	0	0	0	0	0
1937.jpg	1	0	0	0	0	0	0	0	0
1319.jpg	1	0	0	0	0	0	0	0	0
149.jpg	1	0	0	0	0	0	0	0	0
2860.jpg	1	0	0	0	0	0	0	0	0
2856.jpg	1	0	0	0	0	0	0	0	0
2826.jpg	1	0	0	0	0	0	0	0	0
1234.jpg	1	0	0	0	0	0	0	0	0
1069.jpg	1	0	0	0	0	0	0	0	0
2214.jpg	1	0	0	0	0	0	0	0	0
958.jpg	1	0	0	0	0	0	0	0	0
1967.jpg	1	0	0	0	0	0	0	0	0
2243.jpg	1	0	0	0	0	0	0	0	0
1358.jpg	1	0	0	0	0	0	0	0	0
265.jpg	1	0	0	0	0	0	0	0	0
2788.jpg	1	0	0	0	0	0	0	0	0
1277.jpg	1	0	0	0	0	0	0	0	0
1422.jpg	1	0	0	0	0	0	0	0	0
144.jpg	1	0	0	0	0	0	0	0	0
1722.jpg	1	0	0	0	0	0	0	0	0
2913.jpg	1	0	0	0	0	0	0	0	0
1736.jpg	1	0	0	0	0	0	0	0	0
2016.jpg	1	0	0	0	0	0	0	0	0
1989.jpg	1	0	0	0	0	0	0	0	0
33.jpg	1	0	0	0	0	0	0	0	0
995.jpg	1	0	0	0	0	0	0	0	0
1631.jpg	1	0	0	0	0	0	0	0	0
1530.jpg	1	0	0	0	0	0	0	0	0
2007.jpg	1	0	0	0	0	0	0	0	0
2205.jpg	1	0	0	0	0	0	0	0	0
570.jpg	1	0	0	0	0	0	0	0	0
2873.jpg	1	0	0	0	0	0	0	0	0
2703.jpg	1	0	0	0	0	0	0	0	0
1731.jpg	1	0	0	0	0	0	0	0	0
2818.jpg	1	0	0	0	0	0	0	0	0
1600.jpg	1	0	0	0	0	0	0	0	0
165.jpg	1	0	0	0	0	0	0	0	0
1233.jpg	1	0	0	0	0	0	0	0	0
289.jpg	1	0	0	0	0	0	0	0	0
2080.jpg	1	0	0	0	0	0	0	0	0
2030.jpg	1	0	0	0	0	0	0	0	0
1866.jpg	1	0	0	0	0	0	0	0	0
1784.jpg	1	0	0	0	0	0	0	0	0
1549.jpg	1	0	0	0	0	0	0	0	0
2064.jpg	1	0	0	0	0	0	0	0	0
1905.jpg	1	0	0	0	0	0	0	0	0
1290.jpg	1	0	0	0	0	0	0	0	0
1106.jpg	1	0	0	0	0	0	0	0	0
2778.jpg	1	0	0	0	0	0	0	0	0
1822.jpg	1	0	0	0	0	0	0	0	0
139.jpg	1	0	0	0	0	0	0	0	0
2898.jpg	1	0	0	0	0	0	0	0	0
2726.jpg	1	0	0	0	0	0	0	0	0
1240.jpg	1	0	0	0	0	0	0	0	0
1809.jpg	1	0	0	0	0	0	0	0	0
330.jpg	1	0	0	0	0	0	0	0	0
2086.jpg	1	0	0	0	0	0	0	0	0
2009.jpg	1	0	0	0	0	0	0	0	0
1959.jpg	1	0	0	0	0	0	0	0	0
1270.jpg	1	0	0	0	0	0	0	0	0
1351.jpg	1	0	0	0	0	0	0	0	0
1574.jpg	1	0	0	0	0	0	0	0	0
56.jpg	1	0	0	0	0	0	0	0	0
2165.jpg	1	0	0	0	0	0	0	0	0
367.jpg	1	0	0	0	0	0	0	0	0
1594.jpg	1	0	0	0	0	0	0	0	0
2274.jpg	1	0	0	0	0	0	0	0	0
114.jpg	1	0	0	0	0	0	0	0	0
1197.jpg	1	0	0	0	0	0	0	0	0
1811.jpg	1	0	0	0	0	0	0	0	0
1941.jpg	1	0	0	0	0	0	0	0	0
220.jpg	1	0	0	0	0	0	0	0	0
86.jpg	1	0	0	0	0	0	0	0	0
2919.jpg	1	0	0	0	0	0	0	0	0
1441.jpg	1	0	0	0	0	0	0	0	0
348.jpg	1	0	0	0	0	0	0	0	0
2283.jpg	1	0	0	0	0	0	0	0	0
1164.jpg	1	0	0	0	0	0	0	0	0
315.jpg	1	0	0	0	0	0	0	0	0
2176.jpg	1	0	0	0	0	0	0	0	0
1125.jpg	1	0	0	0	0	0	0	0	0
1766.jpg	1	0	0	0	0	0	0	0	0
1800.jpg	1	0	0	0	0	0	0	0	0
1751.jpg	1	0	0	0	0	0	0	0	0
1551.jpg	1	0	0	0	0	0	0	0	0
1917.jpg	1	0	0	0	0	0	0	0	0
562.jpg	1	0	0	0	0	0	0	0	0
74.jpg	1	0	0	0	0	0	0	0	0
2877.jpg	1	0	0	0	0	0	0	0	0
1907.jpg	1	0	0	0	0	0	0	0	0
129.jpg	1	0	0	0	0	0	0	0	0
2843.jpg	1	0	0	0	0	0	0	0	0
1366.jpg	1	0	0	0	0	0	0	0	0
1714.jpg	1	0	0	0	0	0	0	0	0
1939.jpg	1	0	0	0	0	0	0	0	0
2024.jpg	1	0	0	0	0	0	0	0	0
1190.jpg	1	0	0	0	0	0	0	0	0
1188.jpg	1	0	0	0	0	0	0	0	0
1287.jpg	1	0	0	0	0	0	0	0	0
1323.jpg	1	0	0	0	0	0	0	0	0
2275.jpg	1	0	0	0	0	0	0	0	0
1961.jpg	1	0	0	0	0	0	0	0	0
1565.jpg	1	0	0	0	0	0	0	0	0
208.jpg	1	0	0	0	0	0	0	0	0
1084.jpg	1	0	0	0	0	0	0	0	0
1068.jpg	1	0	0	0	0	0	0	0	0
2161.jpg	1	0	0	0	0	0	0	0	0
814.jpg	0	0	0	1	0	0	0	0	0
499.jpg	0	0	0	1	0	0	0	0	0
1104.jpg	0	1	0	0	0	0	0	0	0
429.jpg	0	1	0	0	0	0	0	0	0
2654.jpg	0	0	0	1	0	0	0	0	0
2827.jpg	0	0	0	0	1	0	0	0	0
690.jpg	0	1	0	0	0	0	0	0	0
591.jpg	0	1	0	0	1	0	0	0	0
728.jpg	0	1	0	0	0	0	0	0	0
692.jpg	0	1	0	1	0	0	0	0	0
1050.jpg	0	0	0	0	1	0	0	0	0
2492.jpg	0	0	0	1	0	0	0	0	0
2256.jpg	0	0	0	0	1	0	0	0	0
834.jpg	0	1	0	0	0	0	0	0	0
400.jpg	0	1	0	0	1	0	0	0	0
1448.jpg	0	1	0	0	0	0	0	0	0
2408.jpg	0	0	0	0	1	0	0	0	0
526.jpg	0	0	0	1	0	0	0	0	0
1670.jpg	0	1	0	1	0	0	0	0	0
2431.jpg	0	0	0	1	0	0	0	0	0
2301.jpg	0	1	0	0	0	0	0	0	0
977.jpg	0	0	0	1	0	0	0	0	0
2510.jpg	0	0	0	1	0	0	0	0	0
2349.jpg	0	1	0	0	0	0	0	0	0
1336.jpg	0	0	0	0	1	0	0	0	0
1280.jpg	0	0	0	0	1	0	0	0	0
2372.jpg	0	1	0	0	0	0	0	0	0
870.jpg	0	1	0	1	0	0	0	0	0
969.jpg	0	0	0	0	0	1	0	0	0
1511.jpg	0	0	0	0	1	0	0	0	0
2740.jpg	0	0	0	0	1	0	0	0	0
1224.jpg	0	1	0	0	1	0	0	0	0
679.jpg	0	0	0	0	1	0	0	0	0
1616.jpg	0	0	0	0	1	0	0	0	0
1038.jpg	0	1	0	1	0	0	0	0	0
923.jpg	0	0	0	0	1	0	0	0	0
2833.jpg	0	0	0	0	1	0	0	0	0
2258.jpg	0	0	0	0	1	0	0	0	0
336.jpg	0	1	0	1	0	0	0	0	0
2605.jpg	0	0	0	0	1	0	0	0	0
1779.jpg	0	0	0	0	1	0	0	0	0
993.jpg	0	1	0	0	0	0	0	0	0
1203.jpg	0	1	0	0	0	0	0	0	0
1201.jpg	0	1	0	0	1	0	0	0	0
2926.jpg	0	1	0	0	0	0	0	0	0
1748.jpg	0	0	0	0	1	0	0	0	0
738.jpg	0	1	0	1	0	0	0	0	0
980.jpg	0	0	0	1	0	0	0	0	0
751.jpg	0	1	0	0	0	0	0	0	0
2687.jpg	0	0	0	1	0	0	0	0	0
2437.jpg	0	1	0	1	0	0	0	0	0
648.jpg	0	1	0	0	0	0	0	0	0
2644.jpg	0	0	0	1	0	0	0	0	0
556.jpg	0	1	0	0	0	0	0	0	0
776.jpg	0	1	0	0	0	0	0	0	0
2679.jpg	0	0	0	0	1	0	0	0	0
2447.jpg	0	1	0	0	0	0	0	0	0
568.jpg	0	1	0	0	0	0	0	0	0
2659.jpg	0	0	0	1	0	0	0	0	0
2658.jpg	0	1	0	0	0	1	0	0	0
1036.jpg	0	0	0	0	1	0	0	0	0
974.jpg	0	1	0	0	0	0	0	0	0
2808.jpg	0	1	0	1	0	0	0	0	0
975.jpg	0	1	0	0	0	0	0	0	0
2672.jpg	0	0	0	1	0	0	0	0	0
2612.jpg	0	0	0	1	0	0	0	0	0
1179.jpg	0	1	0	0	0	0	0	0	0
2344.jpg	0	1	0	0	0	0	0	0	0
2698.jpg	0	1	0	0	0	0	0	0	0
625.jpg	0	1	0	1	0	0	0	0	0
2342.jpg	0	1	0	0	0	0	0	0	0
2294.jpg	0	1	0	0	0	0	0	0	0
705.jpg	0	1	0	0	0	0	0	0	0
626.jpg	0	1	0	0	0	0	0	0	0
2688.jpg	0	0	0	0	1	0	0	0	0
2821.jpg	0	0	0	1	0	0	0	0	0
621.jpg	0	1	0	0	0	0	0	0	0
559.jpg	0	1	0	1	0	0	0	0	0
899.jpg	0	1	0	0	0	0	0	0	0
805.jpg	0	0	0	0	1	0	0	0	0
2457.jpg	0	1	0	1	0	0	0	0	0
2352.jpg	0	1	0	0	0	0	0	0	0
672.jpg	0	0	0	0	0	1	0	0	0
260.jpg	0	0	0	0	1	0	0	0	0
2103.jpg	0	1	0	0	0	0	0	0	0
585.jpg	0	1	0	0	0	0	0	0	0
2638.jpg	0	1	0	1	0	0	0	0	0
2105.jpg	0	1	0	0	0	0	0	0	0
2557.jpg	0	1	0	0	0	0	0	0	0
2365.jpg	0	1	0	1	0	0	0	0	0
2655.jpg	0	0	0	0	0	1	0	0	0
1679.jpg	0	0	0	0	1	0	0	0	0
848.jpg	0	1	0	0	0	0	0	0	0
2339.jpg	0	1	0	1	0	0	0	0	0
771.jpg	0	1	0	1	0	0	0	0	0
2633.jpg	0	1	0	1	0	0	0	0	0
1526.jpg	0	0	0	1	0	0	0	0	0
2340.jpg	0	1	0	0	0	0	0	0	0
605.jpg	0	0	0	0	0	1	0	0	0
390.jpg	0	1	0	0	0	0	0	0	0
2406.jpg	0	1	0	0	1	0	0	0	0
1919.jpg	0	0	0	0	1	0	0	0	0
52.jpg	0	1	0	0	0	0	0	0	0
507.jpg	0	1	0	0	0	0	0	0	0
377.jpg	0	0	0	1	0	0	0	0	0
1024.jpg	0	0	0	0	1	0	0	0	0
2653.jpg	0	0	0	0	1	0	0	0	0
723.jpg	0	1	0	1	0	0	0	0	0
1509.jpg	0	0	0	0	1	0	0	0	0
913.jpg	0	0	0	1	0	0	0	0	0
758.jpg	0	1	0	0	0	1	0	0	0
548.jpg	0	0	0	0	1	0	0	0	0
1326.jpg	0	1	0	1	0	0	0	0	0
538.jpg	0	0	0	1	0	0	0	0	0
2302.jpg	0	1	0	0	0	0	0	0	0
803.jpg	0	0	0	1	0	0	0	0	0
2624.jpg	0	1	0	0	0	1	0	0	0
2593.jpg	0	0	0	1	0	0	0	0	0
2389.jpg	0	1	0	0	0	0	0	0	0
2115.jpg	0	1	0	1	0	0	0	0	0
2598.jpg	0	1	0	1	0	0	0	0	0
292.jpg	0	1	0	0	0	0	0	0	0
745.jpg	0	0	0	1	0	0	0	0	0
2680.jpg	0	0	0	0	1	0	0	0	0
2298.jpg	0	0	0	0	1	0	0	0	0
1225.jpg	0	0	0	0	1	0	0	0	0
801.jpg	0	0	0	1	0	0	0	0	0
795.jpg	0	0	0	0	1	0	0	0	0
972.jpg	0	1	0	0	0	0	0	0	0
1348.jpg	0	0	0	1	0	0	0	0	0
2629.jpg	0	0	0	1	0	0	0	0	0
2260.jpg	0	1	0	0	0	0	0	0	0
2397.jpg	0	1	0	0	0	0	0	0	0
2424.jpg	0	1	0	1	0	0	0	0	0
2060.jpg	0	1	0	0	0	0	0	0	0
1927.jpg	0	1	0	0	0	0	0	0	0
2691.jpg	0	0	0	0	1	0	0	0	0
422.jpg	0	1	0	1	0	0	0	0	0
2643.jpg	0	0	0	0	1	0	0	0	0
914.jpg	0	0	0	0	1	0	0	0	0
2462.jpg	0	0	0	1	0	0	0	0	0
2553.jpg	0	1	0	0	0	0	0	0	0
1027.jpg	0	1	0	0	0	0	0	0	0
813.jpg	0	1	0	0	0	0	0	0	0
551.jpg	0	0	0	0	1	0	0	0	0
2613.jpg	0	0	0	0	0	1	0	0	0
838.jpg	0	0	0	0	1	0	0	0	0
769.jpg	0	1	0	1	0	0	0	0	0
744.jpg	0	0	0	0	1	0	0	0	0
2697.jpg	0	0	0	1	0	0	0	0	0
1060.jpg	0	0	0	1	0	0	0	0	0
1082.jpg	0	0	0	0	0	1	0	0	0
1283.jpg	0	0	0	0	1	0	0	0	0
659.jpg	0	1	0	1	0	0	0	0	0
1981.jpg	0	1	0	0	0	0	0	0	0
531.jpg	0	1	0	0	0	0	0	0	0
2416.jpg	0	1	0	1	0	0	0	0	0
491.jpg	0	1	0	1	0	0	0	0	0
380.jpg	0	1	0	0	0	0	0	0	0
122.jpg	0	0	0	1	0	0	0	0	0
513.jpg	0	1	0	0	0	0	0	0	0
935.jpg	0	1	0	1	0	0	0	0	0
2556.jpg	0	0	0	1	0	0	0	0	0
1111.jpg	0	0	0	0	1	0	0	0	0
1382.jpg	0	1	0	1	0	0	0	0	0
1938.jpg	0	1	0	0	0	0	0	0	0
1181.jpg	0	0	0	1	0	0	0	0	0
2696.jpg	0	0	0	0	1	0	0	0	0
446.jpg	0	0	0	0	0	1	0	0	0
833.jpg	0	0	0	1	0	0	0	0	0
1715.jpg	0	1	0	1	0	0	0	0	0
2531.jpg	0	0	0	1	0	0	0	0	0
683.jpg	0	0	0	1	0	0	0	0	0
2402.jpg	0	1	0	0	1	0	0	0	0
2257.jpg	0	0	0	0	1	0	0	0	0
713.jpg	0	0	0	1	0	0	0	0	0
618.jpg	0	1	0	0	0	0	0	0	0
498.jpg	0	0	0	0	1	0	0	0	0
465.jpg	0	1	0	0	0	0	0	0	0
410.jpg	0	1	0	0	0	0	0	0	0
832.jpg	0	0	0	0	1	0	0	0	0
2320.jpg	0	1	0	0	0	0	0	0	0
1014.jpg	0	0	0	0	1	0	0	0	0
592.jpg	0	1	0	0	0	0	0	0	0
543.jpg	0	1	0	0	0	0	0	0	0
500.jpg	0	1	0	0	0	0	0	0	0
2393.jpg	0	0	0	0	0	1	0	0	0
2303.jpg	0	1	0	0	0	0	0	0	0
2661.jpg	0	1	0	1	0	0	0	0	0
628.jpg	0	1	0	0	0	0	0	0	0
300.jpg	0	1	0	0	0	0	0	0	0
1345.jpg	0	0	0	0	1	0	0	0	0
613.jpg	0	1	0	0	0	0	0	0	0
784.jpg	0	1	0	1	0	0	0	0	0
2610.jpg	0	1	0	0	0	0	0	0	0
2481.jpg	0	1	0	1	0	0	0	0	0
764.jpg	0	1	0	1	0	0	0	0	0
2306.jpg	0	1	0	0	0	0	0	0	0
467.jpg	0	1	0	0	0	0	0	0	0
2315.jpg	0	1	0	1	0	0	0	0	0
461.jpg	0	1	0	1	0	0	0	0	0
1925.jpg	0	0	0	0	1	0	0	0	0
736.jpg	0	1	0	0	0	0	0	0	0
2226.jpg	0	0	0	1	0	0	0	0	0
863.jpg	0	0	0	0	1	0	0	0	0
667.jpg	0	1	0	0	0	0	0	0	0
2522.jpg	0	0	0	1	0	0	0	0	0
2674.jpg	0	0	0	0	1	0	0	0	0
900.jpg	0	1	0	0	1	0	0	0	0
704.jpg	0	1	0	0	0	0	0	0	0
857.jpg	0	0	0	0	1	0	0	0	0
883.jpg	0	0	0	0	1	0	0	0	0
911.jpg	0	1	0	0	0	0	0	0	0
1040.jpg	0	0	0	0	1	0	0	0	0
439.jpg	0	1	0	0	0	0	0	0	0
2355.jpg	0	1	0	0	0	0	0	0	0
1845.jpg	0	0	0	0	1	0	0	0	0
478.jpg	0	0	0	0	1	0	0	0	0
850.jpg	0	1	0	1	0	0	0	0	0
1483.jpg	0	1	0	0	0	0	0	0	0
504.jpg	0	0	0	0	1	0	0	0	0
2646.jpg	0	0	0	1	0	0	0	0	0
2762.jpg	0	0	0	0	1	0	0	0	0
2636.jpg	0	0	0	0	1	0	0	0	0
396.jpg	0	1	0	0	0	0	0	0	0
1605.jpg	0	0	0	0	1	0	0	0	0
2620.jpg	0	1	0	1	0	0	0	0	0
576.jpg	0	1	0	1	0	0	0	0	0
2692.jpg	0	0	0	1	1	0	0	0	0
937.jpg	0	1	0	0	0	0	0	0	0
2563.jpg	0	1	0	1	0	0	0	0	0
915.jpg	0	0	0	0	1	0	0	0	0
471.jpg	0	0	0	1	0	0	0	0	0
2378.jpg	0	1	0	0	0	0	0	0	0
632.jpg	0	1	0	0	0	0	0	0	0
2420.jpg	0	1	0	0	0	0	0	0	0
739.jpg	0	0	0	0	1	0	0	0	0
2641.jpg	0	0	0	1	1	0	0	0	0
2701.jpg	0	1	0	0	0	0	0	0	0
2502.jpg	0	1	0	0	0	1	0	0	0
1871.jpg	0	0	0	0	1	0	0	0	0
2430.jpg	0	1	0	0	0	0	0	0	0
527.jpg	0	1	0	0	0	0	0	0	0
537.jpg	0	0	0	0	1	0	0	0	0
1892.jpg	0	1	0	1	0	0	0	0	0
1706.jpg	0	1	0	0	0	0	0	0	0
2160.jpg	0	1	0	0	0	0	0	0	0
2305.jpg	0	1	0	0	0	0	0	0	0
865.jpg	0	1	0	0	0	0	0	0	0
2391.jpg	0	1	0	0	0	0	0	0	0
1504.jpg	0	1	0	0	0	0	0	0	0
1837.jpg	0	0	0	0	1	0	0	0	0
1010.jpg	0	1	0	0	0	0	0	0	0
2668.jpg	0	0	0	0	0	1	0	0	0
547.jpg	0	0	0	0	1	0	0	0	0
536.jpg	0	1	0	1	0	0	0	0	0
831.jpg	0	0	0	0	1	0	0	0	0
399.jpg	0	1	0	1	0	0	0	0	0
506.jpg	0	1	0	0	0	0	0	0	0
2046.jpg	0	1	0	0	0	0	0	0	0
835.jpg	0	1	0	0	0	0	0	0	0
574.jpg	0	1	0	0	0	0	0	0	0
1126.jpg	0	1	0	1	0	0	0	0	0
596.jpg	0	0	0	1	0	0	0	0	0
540.jpg	0	1	0	0	0	0	0	0	0
589.jpg	0	1	0	0	0	0	0	0	0
875.jpg	0	1	0	0	0	0	0	0	0
793.jpg	0	1	0	0	0	1	0	0	0
934.jpg	0	1	0	1	0	0	0	0	0
2669.jpg	0	0	0	1	0	0	0	0	0
256.jpg	0	0	0	1	0	0	0	0	0
734.jpg	0	1	0	0	0	0	0	0	0
456.jpg	0	1	0	0	0	0	0	0	0
702.jpg	0	0	0	1	0	0	0	0	0
427.jpg	0	1	0	1	0	0	0	0	0
988.jpg	0	1	0	0	0	0	0	0	0
2611.jpg	0	0	0	1	0	0	0	0	0
933.jpg	0	1	0	1	0	0	0	0	0
1876.jpg	0	0	0	0	1	0	0	0	0
2573.jpg	0	1	0	0	0	0	0	0	0
654.jpg	0	1	0	0	0	0	0	0	0
1459.jpg	0	0	0	1	0	0	0	0	0
2511.jpg	0	0	0	1	0	0	0	0	0
2334.jpg	0	1	0	1	0	0	0	0	0
2768.jpg	0	0	0	0	1	0	0	0	0
2583.jpg	0	1	0	0	0	0	0	0	0
2322.jpg	0	1	0	0	0	0	0	0	0
2197.jpg	0	0	0	0	1	0	0	0	0
939.jpg	0	0	0	0	1	0	0	0	0
892.jpg	0	1	0	0	0	0	0	0	0
797.jpg	0	0	0	0	1	0	0	0	0
1360.jpg	0	1	0	1	0	0	0	0	0
678.jpg	0	1	0	0	0	0	0	0	0
2493.jpg	0	1	0	1	0	0	0	0	0
2656.jpg	0	0	0	0	1	0	0	0	0
844.jpg	0	1	0	0	0	0	0	0	0
1759.jpg	0	1	0	1	0	0	0	0	0
2763.jpg	0	0	0	0	1	0	0	0	0
2642.jpg	0	1	0	0	0	1	0	0	0
1049.jpg	0	0	0	1	0	0	0	0	0
2495.jpg	0	0	0	1	0	0	0	0	0
2560.jpg	0	1	0	0	0	0	0	0	0
301.jpg	0	1	0	0	0	0	0	0	0
420.jpg	0	1	0	0	0	0	0	0	0
502.jpg	0	1	0	0	0	0	0	0	0
1115.jpg	0	1	0	1	0	0	0	0	0
2615.jpg	0	0	0	0	1	0	0	0	0
864.jpg	0	0	0	0	1	0	0	0	0
1730.jpg	0	0	0	0	1	0	0	0	0
722.jpg	0	1	0	1	0	0	0	0	0
279.jpg	0	0	0	0	1	0	0	0	0
859.jpg	0	1	0	0	0	0	0	0	0
645.jpg	0	1	0	0	0	0	0	0	0
1171.jpg	0	1	0	0	0	0	0	0	0
2673.jpg	0	0	0	1	0	0	0	0	0
641.jpg	0	1	0	1	0	0	0	0	0
2314.jpg	0	1	0	0	0	0	0	0	0
3.jpg	0	0	0	1	0	0	0	0	0
2469.jpg	0	0	0	0	0	1	0	0	0
254.jpg	0	0	0	0	1	0	0	0	0
2844.jpg	0	1	0	0	0	0	0	0	0
401.jpg	0	1	0	0	0	0	0	0	0
1242.jpg	0	0	0	1	0	0	0	0	0
2452.jpg	0	1	0	1	0	0	0	0	0
1237.jpg	0	0	0	0	1	0	0	0	0
2363.jpg	0	0	0	1	0	0	0	0	0
1593.jpg	0	1	0	0	0	0	0	0	0
2648.jpg	0	0	0	0	1	0	0	0	0
1960.jpg	0	1	0	0	0	0	0	0	0
2449.jpg	0	1	0	0	0	1	0	0	0
1493.jpg	0	0	0	0	0	1	0	0	0
2472.jpg	0	0	0	0	0	1	0	0	0
1178.jpg	0	0	0	1	0	0	0	0	0
1949.jpg	0	1	0	0	0	0	0	0	0
807.jpg	0	0	0	0	1	0	0	0	0
680.jpg	0	1	0	1	0	0	0	0	0
2794.jpg	0	0	0	0	1	0	0	0	0
841.jpg	0	1	0	1	0	0	0	0	0
2602.jpg	0	1	0	0	0	0	0	0	0
777.jpg	0	1	0	0	0	0	0	0	0
475.jpg	0	1	0	1	0	0	0	0	0
715.jpg	0	1	0	1	0	0	0	0	0
898.jpg	0	0	0	0	1	0	0	0	0
1371.jpg	0	1	0	0	0	0	0	0	0
985.jpg	0	1	0	0	1	0	0	0	0
2441.jpg	0	1	0	0	0	0	0	0	0
490.jpg	0	0	0	0	1	0	0	0	0
2412.jpg	0	1	0	0	0	0	0	0	0
2621.jpg	0	0	0	1	0	0	0	0	0
134.jpg	0	1	0	0	0	0	0	0	0
2578.jpg	0	1	0	0	0	0	0	0	0
2442.jpg	0	1	0	0	0	0	0	0	0
804.jpg	0	0	0	1	0	0	0	0	0
2138.jpg	0	1	0	0	0	0	0	0	0
2429.jpg	0	1	0	1	0	0	0	0	0
1226.jpg	0	1	0	1	0	0	0	0	0
2683.jpg	0	1	0	1	0	0	0	0	0
1795.jpg	0	0	0	0	1	0	0	0	0
1415.jpg	0	0	0	1	0	0	0	0	0
791.jpg	0	1	0	0	0	0	0	0	0
2678.jpg	0	0	0	0	0	1	0	0	0
1047.jpg	0	0	0	1	0	0	0	0	0
2324.jpg	0	1	0	0	0	0	0	0	0
606.jpg	0	1	0	0	0	0	0	0	0
2682.jpg	0	1	0	0	0	1	0	0	0
2382.jpg	0	1	0	1	0	0	0	0	0
684.jpg	0	1	0	0	0	0	0	0	0
876.jpg	0	1	0	0	0	0	0	0	0
1048.jpg	0	1	0	0	0	0	0	0	0
2515.jpg	0	1	0	0	0	0	0	0	0
2329.jpg	0	1	0	0	0	0	0	0	0
566.jpg	0	1	0	0	0	0	0	0	0
815.jpg	0	0	0	1	0	0	0	0	0
737.jpg	0	0	0	0	1	0	0	0	0
1570.jpg	0	1	0	1	0	0	0	0	0
741.jpg	0	1	0	0	0	0	0	0	0
724.jpg	0	0	0	0	1	0	0	0	0
1813.jpg	0	0	0	0	1	0	0	0	0
313.jpg	0	0	0	1	0	0	0	0	0
861.jpg	0	0	0	0	1	0	0	0	0
2004.jpg	0	1	0	1	0	0	0	0	0
893.jpg	0	1	0	0	0	0	0	0	0
854.jpg	0	1	0	0	0	0	0	0	0
631.jpg	0	0	0	1	0	0	0	0	0
1149.jpg	0	1	0	0	0	0	0	0	0
1792.jpg	0	0	0	1	0	0	0	0	0
1770.jpg	0	0	0	1	0	0	0	0	0
2466.jpg	0	0	0	1	0	0	0	0	0
2345.jpg	0	1	0	0	0	0	0	0	0
681.jpg	0	1	0	1	0	0	0	0	0
1618.jpg	0	0	0	0	1	0	0	0	0
2700.jpg	0	0	0	1	0	0	0	0	0
1934.jpg	0	0	0	0	1	0	0	0	0
2013.jpg	0	0	0	1	0	0	0	0	0
2356.jpg	0	1	0	0	0	0	0	0	0
660.jpg	0	1	0	0	0	0	0	0	0
2068.jpg	0	1	0	0	0	0	0	0	0
2337.jpg	0	1	0	0	0	0	0	0	0
959.jpg	0	1	0	0	0	0	0	0	0
720.jpg	0	1	0	0	0	0	0	0	0
2037.jpg	0	1	0	0	0	0	0	0	0
2677.jpg	0	0	0	1	0	0	0	0	0
903.jpg	0	1	0	0	0	0	0	0	0
627.jpg	0	1	0	1	0	0	0	0	0
2576.jpg	0	1	0	1	0	0	0	0	0
2537.jpg	0	1	0	0	0	0	0	0	0
453.jpg	0	1	0	0	0	0	0	0	0
2376.jpg	0	1	0	0	0	0	0	0	0
719.jpg	0	1	0	0	0	0	0	0	0
2544.jpg	0	0	0	1	0	0	0	0	0
874.jpg	0	0	0	0	0	1	0	0	0
1253.jpg	0	1	0	0	0	0	0	0	0
2331.jpg	0	1	0	1	0	0	0	0	0
1921.jpg	0	0	0	0	1	0	0	0	0
402.jpg	0	1	0	1	0	0	0	0	0
2446.jpg	0	1	0	0	0	0	0	0	0
2652.jpg	0	0	0	0	0	1	0	0	0
1018.jpg	0	0	0	0	1	0	0	0	0
2436.jpg	0	1	0	0	0	0	0	0	0
2503.jpg	0	1	0	0	0	1	0	0	0
2328.jpg	0	1	0	0	0	0	0	0	0
136.jpg	0	1	0	0	0	0	0	0	0
609.jpg	0	1	0	0	0	0	0	0	0
2468.jpg	0	0	0	0	0	1	0	0	0
2649.jpg	0	0	0	1	0	0	0	0	0
2850.jpg	0	1	0	1	0	0	0	0	0
1629.jpg	0	0	0	0	1	0	0	0	0
910.jpg	0	0	0	0	1	0	0	0	0
1667.jpg	0	0	0	0	1	0	0	0	0
879.jpg	0	0	0	0	1	0	0	0	0
649.jpg	0	1	0	0	0	0	0	0	0
2417.jpg	0	1	0	0	0	0	0	0	0
2451.jpg	0	1	0	0	0	0	0	0	0
2647.jpg	0	0	0	0	0	1	0	0	0
1265.jpg	0	1	0	0	0	0	0	0	0
787.jpg	0	1	0	1	0	0	0	0	0
1137.jpg	0	1	0	0	0	0	0	0	0
477.jpg	0	0	0	0	1	0	0	0	0
750.jpg	0	1	0	0	0	0	0	0	0
1581.jpg	0	1	0	1	0	0	0	0	0
1674.jpg	0	0	0	0	1	0	0	0	0
1011.jpg	0	0	0	0	1	0	0	0	0
2675.jpg	0	0	0	0	0	1	0	0	0
884.jpg	0	0	0	0	1	0	0	0	0
115.jpg	0	0	0	0	1	0	0	0	0
2450.jpg	0	1	0	1	0	0	0	0	0
1705.jpg	0	1	0	0	0	0	0	0	0
2369.jpg	0	1	0	0	0	0	0	0	0
2527.jpg	0	0	0	1	0	0	0	0	0
718.jpg	0	1	0	0	0	0	0	0	0
530.jpg	0	1	0	0	0	0	0	0	0
2622.jpg	0	1	0	1	0	0	0	0	0
2312.jpg	0	1	0	0	0	0	0	0	0
740.jpg	0	1	0	1	0	0	0	0	0
2398.jpg	0	1	0	0	0	0	0	0	0
2327.jpg	0	1	0	0	0	0	0	0	0
755.jpg	0	1	0	0	0	0	0	0	0
872.jpg	0	1	0	0	0	0	0	0	0
2415.jpg	0	1	0	1	0	0	0	0	0
2580.jpg	0	1	0	0	0	0	0	0	0
951.jpg	0	1	0	1	0	0	0	0	0
2159.jpg	0	0	0	0	1	0	0	0	0
2512.jpg	0	0	0	1	0	0	0	0	0
2625.jpg	0	0	0	1	0	0	0	0	0
2494.jpg	0	0	0	1	0	0	0	0	0
2552.jpg	0	0	0	0	0	1	0	0	0
761.jpg	0	0	0	0	1	0	0	0	0
1215.jpg	0	1	0	0	0	0	0	0	0
2490.jpg	0	0	0	1	0	0	0	0	0
575.jpg	0	0	0	0	1	0	0	0	0
984.jpg	0	1	0	1	0	0	0	0	0
866.jpg	0	1	0	0	0	0	0	0	0
412.jpg	0	0	0	0	0	1	0	0	0
2817.jpg	0	0	0	0	1	0	0	0	0
572.jpg	0	1	0	1	0	0	0	0	0
286.jpg	0	0	0	0	1	0	0	0	0
2517.jpg	0	0	0	1	0	0	0	0	0
896.jpg	0	1	0	0	0	0	0	0	0
2577.jpg	0	1	0	1	0	0	0	0	0
457.jpg	0	1	0	0	0	0	0	0	0
463.jpg	0	1	0	0	0	0	0	0	0
629.jpg	0	1	0	0	0	0	0	0	0
2532.jpg	0	0	0	1	0	0	0	0	0
2299.jpg	0	1	0	0	0	0	0	0	0
2504.jpg	0	1	0	0	0	0	0	0	0
113.jpg	0	1	0	1	0	0	0	0	0
2309.jpg	0	1	0	0	0	0	0	0	0
696.jpg	0	1	0	0	0	0	0	0	0
510.jpg	0	1	0	0	0	0	0	0	0
669.jpg	0	1	0	1	0	0	0	0	0
1293.jpg	0	0	0	1	0	0	0	0	0
2693.jpg	0	0	0	1	0	0	0	0	0
474.jpg	0	1	0	1	0	0	0	0	0
2609.jpg	0	1	0	1	0	0	0	0	0
468.jpg	0	1	0	0	0	0	0	0	0
860.jpg	0	0	0	0	1	0	0	0	0
2686.jpg	0	0	0	0	0	1	0	0	0
2543.jpg	0	0	0	1	0	0	0	0	0
440.jpg	0	0	0	1	0	0	0	0	0
792.jpg	0	0	0	0	1	0	0	0	0
763.jpg	0	1	0	1	0	0	0	0	0
2350.jpg	0	1	0	0	0	0	0	0	0
2360.jpg	0	1	0	0	0	0	0	0	0
430.jpg	0	1	0	1	0	0	0	0	0
932.jpg	0	0	0	0	1	0	0	0	0
2354.jpg	0	1	0	0	0	0	0	0	0
637.jpg	0	1	0	1	0	0	0	0	0
950.jpg	0	0	0	0	1	0	0	0	0
811.jpg	0	1	0	0	0	0	0	0	0
666.jpg	0	1	0	0	0	0	0	0	0
1482.jpg	0	0	0	1	0	0	0	0	0
901.jpg	0	1	0	0	1	0	0	0	0
1335.jpg	0	0	0	0	1	0	0	0	0
2592.jpg	0	0	0	0	1	0	0	0	0
1015.jpg	0	1	0	0	0	0	0	0	0
2590.jpg	0	1	0	1	0	0	0	0	0
1019.jpg	0	0	0	0	1	0	0	0	0
754.jpg	0	0	0	1	0	0	0	0	0
2295.jpg	0	1	0	0	0	0	0	0	0
661.jpg	0	1	0	1	0	0	0	0	0
2114.jpg	0	1	0	0	0	0	0	0	0
496.jpg	0	1	0	1	0	0	0	0	0
534.jpg	0	1	0	0	0	0	0	0	0
2567.jpg	0	1	0	0	0	0	0	0	0
2375.jpg	0	1	0	0	0	0	0	0	0
651.jpg	0	0	0	1	0	0	0	0	0
398.jpg	0	1	0	0	1	0	0	0	0
476.jpg	0	1	0	1	0	0	0	0	0
1071.jpg	0	0	0	0	1	0	0	0	0
650.jpg	0	1	0	0	0	0	0	0	0
69.jpg	0	0	0	1	0	0	0	0	0
2530.jpg	0	0	0	1	0	0	0	0	0
674.jpg	0	1	0	0	0	0	0	0	0
1971.jpg	0	1	0	0	0	0	0	0	0
494.jpg	0	1	0	1	0	0	0	0	0
518.jpg	0	1	0	1	0	0	0	0	0
550.jpg	0	0	0	0	1	0	0	0	0
2564.jpg	0	1	0	0	0	0	0	0	0
2433.jpg	0	1	0	0	0	0	0	0	0
2308.jpg	0	1	0	0	0	0	0	0	0
944.jpg	0	1	0	1	0	0	0	0	0
1260.jpg	0	1	0	1	0	0	0	0	0
743.jpg	0	1	0	1	0	0	0	0	0
2362.jpg	0	1	0	1	0	0	0	0	0
1315.jpg	0	1	0	1	0	0	0	0	0
1204.jpg	0	0	0	1	0	0	0	0	0
990.jpg	0	1	0	0	0	0	0	0	0
1103.jpg	0	0	0	0	1	0	0	0	0
2665.jpg	0	1	0	0	0	1	0	0	0
987.jpg	0	1	0	0	0	0	0	0	0
1903.jpg	0	0	0	1	0	0	0	0	0
673.jpg	0	1	0	0	0	0	0	0	0
2364.jpg	0	1	0	1	0	0	0	0	0
431.jpg	0	1	0	0	0	0	0	0	0
2453.jpg	0	1	0	1	0	0	0	0	0
2559.jpg	0	0	0	1	0	0	0	0	0
569.jpg	0	0	0	0	1	0	0	0	0
845.jpg	0	0	0	0	1	0	0	0	0
414.jpg	0	1	0	0	0	0	0	0	0
708.jpg	0	1	0	0	0	0	0	0	0
284.jpg	0	0	0	0	1	0	0	0	0
1879.jpg	0	0	0	0	1	0	0	0	0
2418.jpg	0	1	0	1	0	0	0	0	0
2828.jpg	0	1	0	1	0	0	0	0	0
2597.jpg	0	1	0	1	0	0	0	0	0
699.jpg	0	0	0	1	0	0	0	0	0
2444.jpg	0	1	0	0	0	0	0	0	0
828.jpg	0	0	0	0	1	0	0	0	0
2338.jpg	0	1	0	1	0	0	0	0	0
2528.jpg	0	0	0	1	0	0	0	0	0
961.jpg	0	1	0	0	0	0	0	0	0
909.jpg	0	0	0	0	0	1	0	0	0
967.jpg	0	1	0	1	0	0	0	0	0
2473.jpg	0	0	0	0	0	1	0	0	0
2367.jpg	0	1	0	1	0	0	0	0	0
1087.jpg	0	0	0	0	1	0	0	0	0
2384.jpg	0	1	0	1	0	0	0	0	0
2767.jpg	0	0	0	0	1	0	0	0	0
581.jpg	0	0	0	0	1	0	0	0	0
1980.jpg	0	0	0	0	1	0	0	0	0
2387.jpg	0	1	0	0	0	0	0	0	0
2667.jpg	0	0	0	1	0	0	0	0	0
578.jpg	0	0	0	0	1	0	0	0	0
617.jpg	0	1	0	0	0	0	0	0	0
1349.jpg	0	0	0	0	1	0	0	0	0
711.jpg	0	1	0	1	0	0	0	0	0
428.jpg	0	1	0	1	0	0	0	0	0
1118.jpg	0	0	0	1	0	0	0	0	0
1626.jpg	0	0	0	1	0	0	0	0	0
2249.jpg	0	0	0	0	0	1	0	0	0
1167.jpg	0	0	0	1	0	0	0	0	0
707.jpg	0	1	0	0	0	0	0	0	0
528.jpg	0	1	0	0	0	0	0	0	0
2271.jpg	0	0	0	1	0	0	0	0	0
433.jpg	0	1	0	0	0	0	0	0	0
2496.jpg	0	0	0	1	0	0	0	0	0
2410.jpg	0	1	0	0	0	0	0	0	0
1780.jpg	0	0	0	0	1	0	0	0	0
790.jpg	0	1	0	0	0	0	0	0	0
2645.jpg	0	0	0	0	0	1	0	0	0
2594.jpg	0	1	0	1	0	0	0	0	0
594.jpg	0	0	0	1	0	0	0	0	0
978.jpg	0	0	0	1	0	0	0	0	0
546.jpg	0	0	0	0	1	0	0	0	0
2572.jpg	0	0	0	0	1	0	0	0	0
2293.jpg	0	1	0	1	0	0	0	0	0
789.jpg	0	0	0	1	0	0	0	0	0
1883.jpg	0	0	0	0	1	0	0	0	0
404.jpg	0	1	0	0	0	0	0	0	0
622.jpg	0	1	0	0	0	0	0	0	0
2816.jpg	0	0	0	1	0	0	0	0	0
1258.jpg	0	0	0	0	1	0	0	0	0
393.jpg	0	1	0	0	0	0	0	0	0
1307.jpg	0	1	0	0	0	0	0	0	0
567.jpg	0	1	0	1	0	0	0	0	0
976.jpg	0	1	0	0	0	0	0	0	0
2608.jpg	0	1	0	1	0	0	0	0	0
775.jpg	0	0	0	0	1	0	0	0	0
612.jpg	0	1	0	0	0	0	0	0	0
945.jpg	0	1	0	0	0	0	0	0	0
2664.jpg	0	0	0	0	1	0	0	0	0
2536.jpg	0	0	0	1	0	0	0	0	0
2351.jpg	0	1	0	0	0	0	0	0	0
839.jpg	0	0	0	1	0	0	0	0	0
2582.jpg	0	1	0	0	0	0	0	0	0
1936.jpg	0	0	0	0	1	0	0	0	0
391.jpg	0	1	0	0	0	0	0	0	0
418.jpg	0	1	0	1	0	0	0	0	0
1266.jpg	0	0	0	0	1	0	0	0	0
656.jpg	0	0	0	1	0	0	0	0	0
770.jpg	0	0	0	1	0	0	0	0	0
598.jpg	0	0	0	0	1	0	0	0	0
2404.jpg	0	1	0	0	0	0	0	0	0
544.jpg	0	1	0	0	0	0	0	0	0
541.jpg	0	1	0	0	0	0	0	0	0
747.jpg	0	1	0	1	0	0	0	0	0
1585.jpg	0	1	0	0	0	0	0	0	0
1471.jpg	0	1	0	1	0	0	0	0	0
484.jpg	0	0	0	0	1	0	0	0	0
579.jpg	0	0	0	0	1	0	0	0	0
2591.jpg	0	0	0	1	0	0	0	0	0
700.jpg	0	1	0	0	0	0	0	0	0
676.jpg	0	0	0	1	0	0	0	0	0
580.jpg	0	1	0	0	0	0	0	0	0
385.jpg	0	1	0	0	0	0	0	0	0
919.jpg	0	1	0	0	0	0	0	0	0
503.jpg	0	0	0	0	1	0	0	0	0
640.jpg	0	0	0	0	1	0	0	0	0
748.jpg	0	1	0	1	0	0	0	0	0
1138.jpg	0	1	0	1	0	0	0	0	0
634.jpg	0	1	0	0	0	0	0	0	0
2071.jpg	0	1	0	0	0	0	0	0	0
2259.jpg	0	0	0	0	1	0	0	0	0
2399.jpg	0	1	0	0	1	0	0	0	0
2171.jpg	0	1	0	0	0	0	0	0	0
827.jpg	0	0	0	1	0	0	0	0	0
1993.jpg	0	1	0	0	0	0	0	0	0
952.jpg	0	0	0	0	1	0	0	0	0
176.jpg	0	1	0	0	0	0	0	0	0
837.jpg	0	1	0	1	0	0	0	0	0
2570.jpg	0	0	0	1	0	0	0	0	0
2485.jpg	0	0	0	1	0	0	0	0	0
887.jpg	0	0	0	0	1	0	0	0	0
981.jpg	0	0	0	0	1	0	0	0	0
2547.jpg	0	1	0	0	0	0	0	0	0
1347.jpg	0	0	0	0	1	0	0	0	0
2149.jpg	0	1	0	1	0	0	0	0	0
2435.jpg	0	1	0	0	0	0	0	0	0
2371.jpg	0	1	0	1	0	0	0	0	0
1922.jpg	0	1	0	0	1	0	0	0	0
710.jpg	0	1	0	0	0	0	0	0	0
2599.jpg	0	1	0	1	0	0	0	0	0
2157.jpg	0	0	0	0	1	0	0	0	0
449.jpg	0	0	0	1	0	0	0	0	0
1847.jpg	0	0	0	0	1	0	0	0	0
729.jpg	0	0	0	1	0	0	0	0	0
2479.jpg	0	0	0	1	0	0	0	0	0
716.jpg	0	0	0	0	0	1	0	0	0
782.jpg	0	0	0	1	0	0	0	0	0
642.jpg	0	1	0	0	0	0	0	0	0
798.jpg	0	0	0	1	0	0	0	0	0
434.jpg	0	1	0	0	0	0	0	0	0
636.jpg	0	1	0	0	0	0	0	0	0
2660.jpg	0	0	0	0	1	0	0	0	0
451.jpg	0	0	0	1	0	0	0	0	0
2359.jpg	0	0	0	0	1	0	0	0	0
2458.jpg	0	0	0	1	0	0	0	0	0
1346.jpg	0	0	0	0	1	0	0	0	0
616.jpg	0	1	0	1	0	0	0	0	0
419.jpg	0	1	0	1	0	0	0	0	0
2438.jpg	0	1	0	0	0	0	0	0	0
2575.jpg	0	1	0	1	0	0	0	0	0
611.jpg	0	1	0	0	0	0	0	0	0
2717.jpg	0	0	0	1	0	0	0	0	0
689.jpg	0	1	0	0	0	0	0	0	0
1362.jpg	0	0	0	0	1	0	0	0	0
2373.jpg	0	1	0	0	0	0	0	0	0
970.jpg	0	1	0	0	0	0	0	0	0
2428.jpg	0	1	0	0	0	0	0	0	0
2330.jpg	0	1	0	0	0	0	0	0	0
2554.jpg	0	1	0	0	0	0	0	0	0
644.jpg	0	0	0	0	1	0	0	0	0
497.jpg	0	1	0	0	0	0	0	0	0
2614.jpg	0	1	0	0	0	0	0	0	0
2838.jpg	0	1	0	0	1	0	0	0	0
2539.jpg	0	0	0	1	0	0	0	0	0
930.jpg	0	0	0	0	1	0	0	0	0
