2927.jpg	0	1	1	0	0	0	0	0	0
2928.jpg	0	1	1	0	0	0	0	0	0
2929.jpg	0	0	1	0	0	0	0	0	0
2930.jpg	0	0	1	0	0	0	0	0	0
2931.jpg	0	0	1	0	0	0	0	0	0
2932.jpg	0	0	1	1	0	0	0	0	0
2933.jpg	0	0	1	0	0	0	0	0	0
2934.jpg	0	0	1	0	0	0	0	0	0
2935.jpg	0	0	1	0	0	0	0	0	0
2936.jpg	0	0	1	0	0	0	0	0	0
2937.jpg	0	1	1	0	0	0	0	0	0
2938.jpg	0	1	1	0	0	0	0	0	0
2939.jpg	0	0	1	0	0	0	0	0	0
2940.jpg	0	0	1	0	0	0	0	0	0
2941.jpg	0	1	1	1	0	0	0	0	0
2942.jpg	0	1	1	1	0	0	0	0	0
2943.jpg	0	1	1	0	0	0	0	0	0
2944.jpg	0	1	1	0	0	0	0	0	0
2945.jpg	0	0	1	0	0	0	0	0	0
2946.jpg	0	0	1	0	0	0	0	0	0
2947.jpg	0	0	1	0	0	0	0	0	0
2948.jpg	0	0	1	0	0	0	0	0	0
2949.jpg	0	0	1	0	0	0	0	0	0
2950.jpg	0	0	1	1	0	0	0	0	0
2951.jpg	0	0	1	0	0	0	0	0	0
2952.jpg	0	0	1	0	0	0	0	0	0
2953.jpg	0	1	1	0	0	0	0	0	0
2954.jpg	0	0	1	0	0	0	0	0	0
2955.jpg	0	0	1	1	0	0	0	0	0
2956.jpg	0	0	1	0	0	0	0	0	0
2957.jpg	0	0	1	0	0	0	0	0	0
2958.jpg	0	0	1	0	0	0	0	0	0
2959.jpg	0	1	1	0	0	0	0	0	0
2960.jpg	0	0	1	0	0	0	0	0	0
2961.jpg	0	0	1	0	0	0	0	0	0
2962.jpg	0	0	1	0	0	0	0	0	0
2963.jpg	0	0	1	0	0	0	0	0	0
2964.jpg	0	1	1	0	0	0	0	0	0
2965.jpg	0	0	1	0	0	0	0	0	0
2966.jpg	0	0	1	0	0	0	0	0	0
2967.jpg	0	0	1	0	0	0	0	0	0
2968.jpg	0	0	1	0	0	0	0	0	0
2969.jpg	0	0	1	1	0	0	0	0	0
2970.jpg	0	1	1	0	0	0	0	0	0
2971.jpg	0	0	1	0	0	0	0	0	0
2972.jpg	0	1	1	0	0	0	0	0	0
2973.jpg	0	0	1	0	0	0	0	0	0
2974.jpg	0	1	1	0	0	0	0	0	0
2975.jpg	0	0	1	0	0	0	0	0	0
2976.jpg	0	1	1	0	0	0	0	0	0
2977.jpg	0	0	1	1	0	0	0	0	0
2978.jpg	0	0	1	0	0	0	0	0	0
2979.jpg	0	0	1	0	0	0	0	0	0
2980.jpg	0	0	1	0	0	0	0	0	0
2981.jpg	0	0	1	0	0	0	0	0	0
2982.jpg	0	0	1	0	0	0	0	0	0
2983.jpg	0	0	1	0	0	0	0	0	0
2984.jpg	0	0	1	0	0	0	0	0	0
2985.jpg	0	0	1	0	0	0	0	0	0
2986.jpg	0	0	1	1	0	0	0	0	0
2987.jpg	0	0	1	0	0	0	0	0	0
2988.jpg	0	0	1	0	0	0	0	0	0
2989.jpg	0	1	1	1	0	0	0	0	0
2990.jpg	0	0	1	0	0	0	0	0	0
2991.jpg	0	0	1	0	0	0	0	0	0
2992.jpg	0	0	1	0	0	0	0	0	0
2993.jpg	0	1	1	0	0	0	0	0	0
2994.jpg	0	0	1	0	0	0	0	0	0
2995.jpg	0	0	1	0	0	0	0	0	0
2996.jpg	0	0	1	0	0	0	0	0	0
2997.jpg	0	1	1	0	0	0	0	0	0
2998.jpg	0	1	1	0	0	0	0	0	0
2999.jpg	0	1	1	0	0	0	0	0	0
3000.jpg	0	1	1	0	0	0	0	0	0
3001.jpg	0	1	1	0	0	0	0	0	0
3002.jpg	0	1	1	0	0	0	0	0	0
3003.jpg	0	1	1	0	0	0	0	0	0
3004.jpg	0	1	1	0	0	0	0	0	0
3005.jpg	0	1	1	1	0	0	0	0	0
3006.jpg	0	1	1	0	0	0	0	0	0
3007.jpg	0	1	1	0	0	0	0	0	0