374.jpg	1	0	0	0	0	0	0	0	0
383.jpg	1	0	0	0	0	0	0	0	0
93.jpg	1	0	0	0	0	0	0	0	0
0.jpg	1	0	0	0	0	0	0	0	0
1577.jpg	1	0	0	0	0	0	0	0	0
145.jpg	1	0	0	0	0	0	0	0	0
2779.jpg	1	0	0	0	0	0	0	0	0
1555.jpg	1	0	0	0	0	0	0	0	0
2145.jpg	1	0	0	0	0	0	0	0	0
2021.jpg	1	0	0	0	0	0	0	0	0
2078.jpg	1	0	0	0	0	0	0	0	0
1627.jpg	1	0	0	0	0	0	0	0	0
171.jpg	1	0	0	0	0	0	0	0	0
1972.jpg	1	0	0	0	0	0	0	0	0
119.jpg	1	0	0	0	0	0	0	0	0
184.jpg	1	0	0	0	0	0	0	0	0
2059.jpg	1	0	0	0	0	0	0	0	0
2832.jpg	1	0	0	0	0	0	0	0	0
2874.jpg	1	0	0	0	0	0	0	0	0
2030.jpg	1	0	0	0	0	0	0	0	0
2818.jpg	1	0	0	0	0	0	0	0	0
1114.jpg	1	0	0	0	0	0	0	0	0
76.jpg	1	0	0	0	0	0	0	0	0
995.jpg	1	0	0	0	0	0	0	0	0
177.jpg	1	0	0	0	0	0	0	0	0
2239.jpg	1	0	0	0	0	0	0	0	0
409.jpg	1	0	0	0	0	0	0	0	0
225.jpg	1	0	0	0	0	0	0	0	0
1727.jpg	1	0	0	0	0	0	0	0	0
257.jpg	1	0	0	0	0	0	0	0	0
1943.jpg	1	0	0	0	0	0	0	0	0
2192.jpg	1	0	0	0	0	0	0	0	0
1461.jpg	1	0	0	0	0	0	0	0	0
2207.jpg	1	0	0	0	0	0	0	0	0
2751.jpg	1	0	0	0	0	0	0	0	0
1563.jpg	1	0	0	0	0	0	0	0	0
189.jpg	1	0	0	0	0	0	0	0	0
1565.jpg	1	0	0	0	0	0	0	0	0
61.jpg	1	0	0	0	0	0	0	0	0
1689.jpg	1	0	0	0	0	0	0	0	0
2007.jpg	1	0	0	0	0	0	0	0	0
1944.jpg	1	0	0	0	0	0	0	0	0
213.jpg	1	0	0	0	0	0	0	0	0
1077.jpg	1	0	0	0	0	0	0	0	0
1041.jpg	1	0	0	0	0	0	0	0	0
1067.jpg	1	0	0	0	0	0	0	0	0
1402.jpg	1	0	0	0	0	0	0	0	0
1164.jpg	1	0	0	0	0	0	0	0	0
2225.jpg	1	0	0	0	0	0	0	0	0
407.jpg	1	0	0	0	0	0	0	0	0
82.jpg	1	0	0	0	0	0	0	0	0
2843.jpg	1	0	0	0	0	0	0	0	0
1021.jpg	1	0	0	0	0	0	0	0	0
2731.jpg	1	0	0	0	0	0	0	0	0
1350.jpg	1	0	0	0	0	0	0	0	0
2866.jpg	1	0	0	0	0	0	0	0	0
1964.jpg	1	0	0	0	0	0	0	0	0
1403.jpg	1	0	0	0	0	0	0	0	0
272.jpg	1	0	0	0	0	0	0	0	0
1247.jpg	1	0	0	0	0	0	0	0	0
1233.jpg	1	0	0	0	0	0	0	0	0
1414.jpg	1	0	0	0	0	0	0	0	0
2025.jpg	1	0	0	0	0	0	0	0	0
1588.jpg	1	0	0	0	0	0	0	0	0
1452.jpg	1	0	0	0	0	0	0	0	0
2191.jpg	1	0	0	0	0	0	0	0	0
2868.jpg	1	0	0	0	0	0	0	0	0
167.jpg	1	0	0	0	0	0	0	0	0
2113.jpg	1	0	0	0	0	0	0	0	0
1941.jpg	1	0	0	0	0	0	0	0	0
1165.jpg	1	0	0	0	0	0	0	0	0
1139.jpg	1	0	0	0	0	0	0	0	0
472.jpg	1	0	0	0	0	0	0	0	0
2241.jpg	1	0	0	0	0	0	0	0	0
1099.jpg	1	0	0	0	0	0	0	0	0
2777.jpg	1	0	0	0	0	0	0	0	0
1231.jpg	1	0	0	0	0	0	0	0	0
2711.jpg	1	0	0	0	0	0	0	0	0
2176.jpg	1	0	0	0	0	0	0	0	0
1899.jpg	1	0	0	0	0	0	0	0	0
106.jpg	1	0	0	0	0	0	0	0	0
522.jpg	1	0	0	0	0	0	0	0	0
958.jpg	1	0	0	0	0	0	0	0	0
1267.jpg	1	0	0	0	0	0	0	0	0
266.jpg	1	0	0	0	0	0	0	0	0
1687.jpg	1	0	0	0	0	0	0	0	0
2857.jpg	1	0	0	0	0	0	0	0	0
1431.jpg	1	0	0	0	0	0	0	0	0
1721.jpg	1	0	0	0	0	0	0	0	0
1475.jpg	1	0	0	0	0	0	0	0	0
1154.jpg	1	0	0	0	0	0	0	0	0
1222.jpg	1	0	0	0	0	0	0	0	0
2198.jpg	1	0	0	0	0	0	0	0	0
1317.jpg	1	0	0	0	0	0	0	0	0
1794.jpg	1	0	0	0	0	0	0	0	0
155.jpg	1	0	0	0	0	0	0	0	0
1342.jpg	1	0	0	0	0	0	0	0	0
2132.jpg	1	0	0	0	0	0	0	0	0
1498.jpg	1	0	0	0	0	0	0	0	0
817.jpg	1	0	0	0	0	0	0	0	0
2233.jpg	1	0	0	0	0	0	0	0	0
1297.jpg	1	0	0	0	0	0	0	0	0
293.jpg	1	0	0	0	0	0	0	0	0
1476.jpg	1	0	0	0	0	0	0	0	0
1641.jpg	1	0	0	0	0	0	0	0	0
1610.jpg	1	0	0	0	0	0	0	0	0
1232.jpg	1	0	0	0	0	0	0	0	0
2911.jpg	1	0	0	0	0	0	0	0	0
2092.jpg	1	0	0	0	0	0	0	0	0
1953.jpg	1	0	0	0	0	0	0	0	0
1480.jpg	1	0	0	0	0	0	0	0	0
1327.jpg	1	0	0	0	0	0	0	0	0
35.jpg	1	0	0	0	0	0	0	0	0
2134.jpg	1	0	0	0	0	0	0	0	0
512.jpg	1	0	0	0	0	0	0	0	0
1474.jpg	1	0	0	0	0	0	0	0	0
2230.jpg	1	0	0	0	0	0	0	0	0
2162.jpg	1	0	0	0	0	0	0	0	0
1714.jpg	1	0	0	0	0	0	0	0	0
1832.jpg	1	0	0	0	0	0	0	0	0
1579.jpg	1	0	0	0	0	0	0	0	0
1976.jpg	1	0	0	0	0	0	0	0	0
298.jpg	1	0	0	0	0	0	0	0	0
424.jpg	1	0	0	0	0	0	0	0	0
1013.jpg	1	0	0	0	0	0	0	0	0
1186.jpg	1	0	0	0	0	0	0	0	0
562.jpg	1	0	0	0	0	0	0	0	0
2784.jpg	1	0	0	0	0	0	0	0	0
2819.jpg	1	0	0	0	0	0	0	0	0
2070.jpg	1	0	0	0	0	0	0	0	0
388.jpg	1	0	0	0	0	0	0	0	0
1969.jpg	1	0	0	0	0	0	0	0	0
2823.jpg	1	0	0	0	0	0	0	0	0
1158.jpg	1	0	0	0	0	0	0	0	0
2884.jpg	1	0	0	0	0	0	0	0	0
2026.jpg	1	0	0	0	0	0	0	0	0
1383.jpg	1	0	0	0	0	0	0	0	0
2141.jpg	1	0	0	0	0	0	0	0	0
2151.jpg	1	0	0	0	0	0	0	0	0
2880.jpg	1	0	0	0	0	0	0	0	0
289.jpg	1	0	0	0	0	0	0	0	0
445.jpg	1	0	0	0	0	0	0	0	0
311.jpg	1	0	0	0	0	0	0	0	0
1867.jpg	1	0	0	0	0	0	0	0	0
37.jpg	1	0	0	0	0	0	0	0	0
1997.jpg	1	0	0	0	0	0	0	0	0
88.jpg	1	0	0	0	0	0	0	0	0
1547.jpg	1	0	0	0	0	0	0	0	0
247.jpg	1	0	0	0	0	0	0	0	0
1865.jpg	1	0	0	0	0	0	0	0	0
26.jpg	1	0	0	0	0	0	0	0	0
2131.jpg	1	0	0	0	0	0	0	0	0
1125.jpg	1	0	0	0	0	0	0	0	0
1161.jpg	1	0	0	0	0	0	0	0	0
2122.jpg	1	0	0	0	0	0	0	0	0
1671.jpg	1	0	0	0	0	0	0	0	0
1612.jpg	1	0	0	0	0	0	0	0	0
330.jpg	1	0	0	0	0	0	0	0	0
1575.jpg	1	0	0	0	0	0	0	0	0
1930.jpg	1	0	0	0	0	0	0	0	0
1100.jpg	1	0	0	0	0	0	0	0	0
178.jpg	1	0	0	0	0	0	0	0	0
1094.jpg	1	0	0	0	0	0	0	0	0
1908.jpg	1	0	0	0	0	0	0	0	0
1183.jpg	1	0	0	0	0	0	0	0	0
1909.jpg	1	0	0	0	0	0	0	0	0
2912.jpg	1	0	0	0	0	0	0	0	0
1221.jpg	1	0	0	0	0	0	0	0	0
555.jpg	1	0	0	0	0	0	0	0	0
1109.jpg	1	0	0	0	0	0	0	0	0
188.jpg	1	0	0	0	0	0	0	0	0
1540.jpg	1	0	0	0	0	0	0	0	0
1519.jpg	1	0	0	0	0	0	0	0	0
2008.jpg	1	0	0	0	0	0	0	0	0
109.jpg	1	0	0	0	0	0	0	0	0
132.jpg	1	0	0	0	0	0	0	0	0
1544.jpg	1	0	0	0	0	0	0	0	0
1330.jpg	1	0	0	0	0	0	0	0	0
217.jpg	1	0	0	0	0	0	0	0	0
2881.jpg	1	0	0	0	0	0	0	0	0
2744.jpg	1	0	0	0	0	0	0	0	0
1718.jpg	1	0	0	0	0	0	0	0	0
1435.jpg	1	0	0	0	0	0	0	0	0
18.jpg	1	0	0	0	0	0	0	0	0
2163.jpg	1	0	0	0	0	0	0	0	0
1533.jpg	1	0	0	0	0	0	0	0	0
756.jpg	1	0	0	0	0	0	0	0	0
979.jpg	1	0	0	0	0	0	0	0	0
70.jpg	1	0	0	0	0	0	0	0	0
2079.jpg	1	0	0	0	0	0	0	0	0
1628.jpg	1	0	0	0	0	0	0	0	0
354.jpg	1	0	0	0	0	0	0	0	0
1634.jpg	1	0	0	0	0	0	0	0	0
143.jpg	1	0	0	0	0	0	0	0	0
1933.jpg	1	0	0	0	0	0	0	0	0
316.jpg	1	0	0	0	0	0	0	0	0
1446.jpg	1	0	0	0	0	0	0	0	0
1423.jpg	1	0	0	0	0	0	0	0	0
151.jpg	1	0	0	0	0	0	0	0	0
1573.jpg	1	0	0	0	0	0	0	0	0
150.jpg	1	0	0	0	0	0	0	0	0
2150.jpg	1	0	0	0	0	0	0	0	0
172.jpg	1	0	0	0	0	0	0	0	0
1054.jpg	1	0	0	0	0	0	0	0	0
1361.jpg	1	0	0	0	0	0	0	0	0
2754.jpg	1	0	0	0	0	0	0	0	0
160.jpg	1	0	0	0	0	0	0	0	0
2775.jpg	1	0	0	0	0	0	0	0	0
1806.jpg	1	0	0	0	0	0	0	0	0
600.jpg	1	0	0	0	0	0	0	0	0
335.jpg	1	0	0	0	0	0	0	0	0
1539.jpg	1	0	0	0	0	0	0	0	0
366.jpg	1	0	0	0	0	0	0	0	0
1536.jpg	1	0	0	0	0	0	0	0	0
74.jpg	1	0	0	0	0	0	0	0	0
1254.jpg	1	0	0	0	0	0	0	0	0
2788.jpg	1	0	0	0	0	0	0	0	0
1152.jpg	1	0	0	0	0	0	0	0	0
1564.jpg	1	0	0	0	0	0	0	0	0
1284.jpg	1	0	0	0	0	0	0	0	0
389.jpg	1	0	0	0	0	0	0	0	0
190.jpg	1	0	0	0	0	0	0	0	0
1680.jpg	1	0	0	0	0	0	0	0	0
1741.jpg	1	0	0	0	0	0	0	0	0
2873.jpg	1	0	0	0	0	0	0	0	0
1717.jpg	1	0	0	0	0	0	0	0	0
1485.jpg	1	0	0	0	0	0	0	0	0
2855.jpg	1	0	0	0	0	0	0	0	0
2862.jpg	1	0	0	0	0	0	0	0	0
1624.jpg	1	0	0	0	0	0	0	0	0
2031.jpg	1	0	0	0	0	0	0	0	0
1338.jpg	1	0	0	0	0	0	0	0	0
1440.jpg	1	0	0	0	0	0	0	0	0
1464.jpg	1	0	0	0	0	0	0	0	0
1586.jpg	1	0	0	0	0	0	0	0	0
312.jpg	1	0	0	0	0	0	0	0	0
1309.jpg	1	0	0	0	0	0	0	0	0
2870.jpg	1	0	0	0	0	0	0	0	0
23.jpg	1	0	0	0	0	0	0	0	0
2714.jpg	1	0	0	0	0	0	0	0	0
2244.jpg	1	0	0	0	0	0	0	0	0
2748.jpg	1	0	0	0	0	0	0	0	0
2199.jpg	1	0	0	0	0	0	0	0	0
20.jpg	1	0	0	0	0	0	0	0	0
1312.jpg	1	0	0	0	0	0	0	0	0
2063.jpg	1	0	0	0	0	0	0	0	0
2920.jpg	1	0	0	0	0	0	0	0	0
1357.jpg	1	0	0	0	0	0	0	0	0
2164.jpg	1	0	0	0	0	0	0	0	0
1006.jpg	1	0	0	0	0	0	0	0	0
48.jpg	1	0	0	0	0	0	0	0	0
1959.jpg	1	0	0	0	0	0	0	0	0
1256.jpg	1	0	0	0	0	0	0	0	0
1285.jpg	1	0	0	0	0	0	0	0	0
1844.jpg	1	0	0	0	0	0	0	0	0
2835.jpg	1	0	0	0	0	0	0	0	0
1917.jpg	1	0	0	0	0	0	0	0	0
1587.jpg	1	0	0	0	0	0	0	0	0
2254.jpg	1	0	0	0	0	0	0	0	0
1341.jpg	1	0	0	0	0	0	0	0	0
2248.jpg	1	0	0	0	0	0	0	0	0
1086.jpg	1	0	0	0	0	0	0	0	0
2859.jpg	1	0	0	0	0	0	0	0	0
365.jpg	1	0	0	0	0	0	0	0	0
2266.jpg	1	0	0	0	0	0	0	0	0
1230.jpg	1	0	0	0	0	0	0	0	0
1496.jpg	1	0	0	0	0	0	0	0	0
1445.jpg	1	0	0	0	0	0	0	0	0
2901.jpg	1	0	0	0	0	0	0	0	0
2895.jpg	1	0	0	0	0	0	0	0	0
98.jpg	1	0	0	0	0	0	0	0	0
1456.jpg	1	0	0	0	0	0	0	0	0
168.jpg	1	0	0	0	0	0	0	0	0
2232.jpg	1	0	0	0	0	0	0	0	0
1057.jpg	1	0	0	0	0	0	0	0	0
203.jpg	1	0	0	0	0	0	0	0	0
2297.jpg	1	0	0	0	0	0	0	0	0
185.jpg	1	0	0	0	0	0	0	0	0
2109.jpg	1	0	0	0	0	0	0	0	0
1508.jpg	1	0	0	0	0	0	0	0	0
1620.jpg	1	0	0	0	0	0	0	0	0
2847.jpg	1	0	0	0	0	0	0	0	0
127.jpg	1	0	0	0	0	0	0	0	0
1.jpg	1	0	0	0	0	0	0	0	0
2898.jpg	1	0	0	0	0	0	0	0	0
1135.jpg	1	0	0	0	0	0	0	0	0
1380.jpg	1	0	0	0	0	0	0	0	0
2181.jpg	1	0	0	0	0	0	0	0	0
1076.jpg	1	0	0	0	0	0	0	0	0
130.jpg	1	0	0	0	0	0	0	0	0
1923.jpg	1	0	0	0	0	0	0	0	0
1805.jpg	1	0	0	0	0	0	0	0	0
1749.jpg	1	0	0	0	0	0	0	0	0
92.jpg	1	0	0	0	0	0	0	0	0
1251.jpg	1	0	0	0	0	0	0	0	0
2183.jpg	1	0	0	0	0	0	0	0	0
1733.jpg	1	0	0	0	0	0	0	0	0
62.jpg	1	0	0	0	0	0	0	0	0
1734.jpg	1	0	0	0	0	0	0	0	0
2803.jpg	1	0	0	0	0	0	0	0	0
2719.jpg	1	0	0	0	0	0	0	0	0
1931.jpg	1	0	0	0	0	0	0	0	0
1743.jpg	1	0	0	0	0	0	0	0	0
442.jpg	1	0	0	0	0	0	0	0	0
2034.jpg	1	0	0	0	0	0	0	0	0
1162.jpg	1	0	0	0	0	0	0	0	0
1331.jpg	1	0	0	0	0	0	0	0	0
1869.jpg	1	0	0	0	0	0	0	0	0
781.jpg	1	0	0	0	0	0	0	0	0
1263.jpg	1	0	0	0	0	0	0	0	0
2240.jpg	1	0	0	0	0	0	0	0	0
1699.jpg	1	0	0	0	0	0	0	0	0
1744.jpg	1	0	0	0	0	0	0	0	0
1521.jpg	1	0	0	0	0	0	0	0	0
2222.jpg	1	0	0	0	0	0	0	0	0
1812.jpg	1	0	0	0	0	0	0	0	0
1318.jpg	1	0	0	0	0	0	0	0	0
1947.jpg	1	0	0	0	0	0	0	0	0
1762.jpg	1	0	0	0	0	0	0	0	0
1801.jpg	1	0	0	0	0	0	0	0	0
2919.jpg	1	0	0	0	0	0	0	0	0
1756.jpg	1	0	0	0	0	0	0	0	0
1664.jpg	1	0	0	0	0	0	0	0	0
1591.jpg	1	0	0	0	0	0	0	0	0
2246.jpg	1	0	0	0	0	0	0	0	0
1376.jpg	1	0	0	0	0	0	0	0	0
1841.jpg	1	0	0	0	0	0	0	0	0
1649.jpg	1	0	0	0	0	0	0	0	0
1900.jpg	1	0	0	0	0	0	0	0	0
1633.jpg	1	0	0	0	0	0	0	0	0
1818.jpg	1	0	0	0	0	0	0	0	0
2470.jpg	1	0	0	0	0	0	0	0	0
2769.jpg	1	0	0	0	0	0	0	0	0
1640.jpg	1	0	0	0	0	0	0	0	0
1097.jpg	1	0	0	0	0	0	0	0	0
1648.jpg	1	0	0	0	0	0	0	0	0
1098.jpg	1	0	0	0	0	0	0	0	0
9.jpg	1	0	0	0	0	0	0	0	0
1121.jpg	1	0	0	0	0	0	0	0	0
1075.jpg	1	0	0	0	0	0	0	0	0
1168.jpg	1	0	0	0	0	0	0	0	0
232.jpg	1	0	0	0	0	0	0	0	0
2757.jpg	1	0	0	0	0	0	0	0	0
2185.jpg	1	0	0	0	0	0	0	0	0
2871.jpg	1	0	0	0	0	0	0	0	0
346.jpg	1	0	0	0	0	0	0	0	0
63.jpg	1	0	0	0	0	0	0	0	0
2723.jpg	1	0	0	0	0	0	0	0	0
1613.jpg	1	0	0	0	0	0	0	0	0
2710.jpg	1	0	0	0	0	0	0	0	0
2790.jpg	1	0	0	0	0	0	0	0	0
2772.jpg	1	0	0	0	0	0	0	0	0
1131.jpg	1	0	0	0	0	0	0	0	0
214.jpg	1	0	0	0	0	0	0	0	0
2858.jpg	1	0	0	0	0	0	0	0	0
1255.jpg	1	0	0	0	0	0	0	0	0
1596.jpg	1	0	0	0	0	0	0	0	0
2729.jpg	1	0	0	0	0	0	0	0	0
2267.jpg	1	0	0	0	0	0	0	0	0
1358.jpg	1	0	0	0	0	0	0	0	0
85.jpg	1	0	0	0	0	0	0	0	0
1308.jpg	1	0	0	0	0	0	0	0	0
703.jpg	1	0	0	0	0	0	0	0	0
2749.jpg	1	0	0	0	0	0	0	0	0
2019.jpg	1	0	0	0	0	0	0	0	0
125.jpg	1	0	0	0	0	0	0	0	0
1413.jpg	1	0	0	0	0	0	0	0	0
252.jpg	1	0	0	0	0	0	0	0	0
1751.jpg	1	0	0	0	0	0	0	0	0
1937.jpg	1	0	0	0	0	0	0	0	0
50.jpg	1	0	0	0	0	0	0	0	0
816.jpg	1	0	0	0	0	0	0	0	0
2891.jpg	1	0	0	0	0	0	0	0	0
7.jpg	1	0	0	0	0	0	0	0	0
2270.jpg	1	0	0	0	0	0	0	0	0
1424.jpg	1	0	0	0	0	0	0	0	0
2278.jpg	1	0	0	0	0	0	0	0	0
1568.jpg	1	0	0	0	0	0	0	0	0
1250.jpg	1	0	0	0	0	0	0	0	0
757.jpg	1	0	0	0	0	0	0	0	0
1513.jpg	1	0	0	0	0	0	0	0	0
2875.jpg	1	0	0	0	0	0	0	0	0
1275.jpg	1	0	0	0	0	0	0	0	0
1543.jpg	1	0	0	0	0	0	0	0	0
2798.jpg	1	0	0	0	0	0	0	0	0
2180.jpg	1	0	0	0	0	0	0	0	0
332.jpg	1	0	0	0	0	0	0	0	0
1395.jpg	1	0	0	0	0	0	0	0	0
1836.jpg	1	0	0	0	0	0	0	0	0
2792.jpg	1	0	0	0	0	0	0	0	0
2003.jpg	1	0	0	0	0	0	0	0	0
1557.jpg	1	0	0	0	0	0	0	0	0
305.jpg	1	0	0	0	0	0	0	0	0
152.jpg	1	0	0	0	0	0	0	0	0
1777.jpg	1	0	0	0	0	0	0	0	0
1466.jpg	1	0	0	0	0	0	0	0	0
2283.jpg	1	0	0	0	0	0	0	0	0
1368.jpg	1	0	0	0	0	0	0	0	0
54.jpg	1	0	0	0	0	0	0	0	0
1425.jpg	1	0	0	0	0	0	0	0	0
2904.jpg	1	0	0	0	0	0	0	0	0
2062.jpg	1	0	0	0	0	0	0	0	0
1545.jpg	1	0	0	0	0	0	0	0	0
166.jpg	1	0	0	0	0	0	0	0	0
32.jpg	1	0	0	0	0	0	0	0	0
1061.jpg	1	0	0	0	0	0	0	0	0
2130.jpg	1	0	0	0	0	0	0	0	0
2091.jpg	1	0	0	0	0	0	0	0	0
1601.jpg	1	0	0	0	0	0	0	0	0
1887.jpg	1	0	0	0	0	0	0	0	0
1755.jpg	1	0	0	0	0	0	0	0	0
2899.jpg	1	0	0	0	0	0	0	0	0
2052.jpg	1	0	0	0	0	0	0	0	0
2047.jpg	1	0	0	0	0	0	0	0	0
2733.jpg	1	0	0	0	0	0	0	0	0
2289.jpg	1	0	0	0	0	0	0	0	0
1532.jpg	1	0	0	0	0	0	0	0	0
2718.jpg	1	0	0	0	0	0	0	0	0
1113.jpg	1	0	0	0	0	0	0	0	0
2235.jpg	1	0	0	0	0	0	0	0	0
2897.jpg	1	0	0	0	0	0	0	0	0
1898.jpg	1	0	0	0	0	0	0	0	0
1083.jpg	1	0	0	0	0	0	0	0	0
1229.jpg	1	0	0	0	0	0	0	0	0
206.jpg	1	0	0	0	0	0	0	0	0
1088.jpg	1	0	0	0	0	0	0	0	0
1085.jpg	1	0	0	0	0	0	0	0	0
2261.jpg	1	0	0	0	0	0	0	0	0
1807.jpg	1	0	0	0	0	0	0	0	0
1901.jpg	1	0	0	0	0	0	0	0	0
1889.jpg	1	0	0	0	0	0	0	0	0
1690.jpg	1	0	0	0	0	0	0	0	0
325.jpg	1	0	0	0	0	0	0	0	0
173.jpg	1	0	0	0	0	0	0	0	0
1037.jpg	1	0	0	0	0	0	0	0	0
2153.jpg	1	0	0	0	0	0	0	0	0
1684.jpg	1	0	0	0	0	0	0	0	0
1691.jpg	1	0	0	0	0	0	0	0	0
1551.jpg	1	0	0	0	0	0	0	0	0
320.jpg	1	0	0	0	0	0	0	0	0
1009.jpg	1	0	0	0	0	0	0	0	0
1829.jpg	1	0	0	0	0	0	0	0	0
2236.jpg	1	0	0	0	0	0	0	0	0
242.jpg	1	0	0	0	0	0	0	0	0
2849.jpg	1	0	0	0	0	0	0	0	0
262.jpg	1	0	0	0	0	0	0	0	0
1983.jpg	1	0	0	0	0	0	0	0	0
2831.jpg	1	0	0	0	0	0	0	0	0
1978.jpg	1	0	0	0	0	0	0	0	0
359.jpg	1	0	0	0	0	0	0	0	0
253.jpg	1	0	0	0	0	0	0	0	0
411.jpg	1	0	0	0	0	0	0	0	0
2094.jpg	1	0	0	0	0	0	0	0	0
2269.jpg	1	0	0	0	0	0	0	0	0
104.jpg	1	0	0	0	0	0	0	0	0
2090.jpg	1	0	0	0	0	0	0	0	0
1621.jpg	1	0	0	0	0	0	0	0	0
1918.jpg	1	0	0	0	0	0	0	0	0
364.jpg	1	0	0	0	0	0	0	0	0
1784.jpg	1	0	0	0	0	0	0	0	0
2045.jpg	1	0	0	0	0	0	0	0	0
1484.jpg	1	0	0	0	0	0	0	0	0
1310.jpg	1	0	0	0	0	0	0	0	0
1661.jpg	1	0	0	0	0	0	0	0	0
1343.jpg	1	0	0	0	0	0	0	0	0
2755.jpg	1	0	0	0	0	0	0	0	0
1872.jpg	1	0	0	0	0	0	0	0	0
2061.jpg	1	0	0	0	0	0	0	0	0
159.jpg	1	0	0	0	0	0	0	0	0
24.jpg	1	0	0	0	0	0	0	0	0
1447.jpg	1	0	0	0	0	0	0	0	0
2804.jpg	1	0	0	0	0	0	0	0	0
406.jpg	1	0	0	0	0	0	0	0	0
2217.jpg	1	0	0	0	0	0	0	0	0
231.jpg	1	0	0	0	0	0	0	0	0
204.jpg	1	0	0	0	0	0	0	0	0
2781.jpg	1	0	0	0	0	0	0	0	0
95.jpg	1	0	0	0	0	0	0	0	0
163.jpg	1	0	0	0	0	0	0	0	0
2203.jpg	1	0	0	0	0	0	0	0	0
1738.jpg	1	0	0	0	0	0	0	0	0
238.jpg	1	0	0	0	0	0	0	0	0
288.jpg	1	0	0	0	0	0	0	0	0
341.jpg	1	0	0	0	0	0	0	0	0
1274.jpg	1	0	0	0	0	0	0	0	0
1438.jpg	1	0	0	0	0	0	0	0	0
379.jpg	1	0	0	0	0	0	0	0	0
1880.jpg	1	0	0	0	0	0	0	0	0
372.jpg	1	0	0	0	0	0	0	0	0
1262.jpg	1	0	0	0	0	0	0	0	0
110.jpg	1	0	0	0	0	0	0	0	0
2734.jpg	1	0	0	0	0	0	0	0	0
1999.jpg	1	0	0	0	0	0	0	0	0
1084.jpg	1	0	0	0	0	0	0	0	0
1736.jpg	1	0	0	0	0	0	0	0	0
2742.jpg	1	0	0	0	0	0	0	0	0
1520.jpg	1	0	0	0	0	0	0	0	0
2694.jpg	1	0	0	0	0	0	0	0	0
234.jpg	1	0	0	0	0	0	0	0	0
1578.jpg	1	0	0	0	0	0	0	0	0
