374.jpg	1	0	0	0	0	0	0	0	0
383.jpg	1	0	0	0	0	0	0	0	0
93.jpg	1	0	0	0	0	0	0	0	0
0.jpg	1	0	0	0	0	0	0	0	0
1577.jpg	1	0	0	0	0	0	0	0	0
145.jpg	1	0	0	0	0	0	0	0	0
2779.jpg	1	0	0	0	0	0	0	0	0
1555.jpg	1	0	0	0	0	0	0	0	0
2145.jpg	1	0	0	0	0	0	0	0	0
2021.jpg	1	0	0	0	0	0	0	0	0
2078.jpg	1	0	0	0	0	0	0	0	0
1627.jpg	1	0	0	0	0	0	0	0	0
171.jpg	1	0	0	0	0	0	0	0	0
1972.jpg	1	0	0	0	0	0	0	0	0
119.jpg	1	0	0	0	0	0	0	0	0
184.jpg	1	0	0	0	0	0	0	0	0
2059.jpg	1	0	0	0	0	0	0	0	0
2832.jpg	1	0	0	0	0	0	0	0	0
2874.jpg	1	0	0	0	0	0	0	0	0
2030.jpg	1	0	0	0	0	0	0	0	0
2818.jpg	1	0	0	0	0	0	0	0	0
1114.jpg	1	0	0	0	0	0	0	0	0
76.jpg	1	0	0	0	0	0	0	0	0
995.jpg	1	0	0	0	0	0	0	0	0
177.jpg	1	0	0	0	0	0	0	0	0
2239.jpg	1	0	0	0	0	0	0	0	0
409.jpg	1	0	0	0	0	0	0	0	0
225.jpg	1	0	0	0	0	0	0	0	0
1727.jpg	1	0	0	0	0	0	0	0	0
257.jpg	1	0	0	0	0	0	0	0	0
1943.jpg	1	0	0	0	0	0	0	0	0
2192.jpg	1	0	0	0	0	0	0	0	0
1461.jpg	1	0	0	0	0	0	0	0	0
2207.jpg	1	0	0	0	0	0	0	0	0
2751.jpg	1	0	0	0	0	0	0	0	0
1563.jpg	1	0	0	0	0	0	0	0	0
189.jpg	1	0	0	0	0	0	0	0	0
1565.jpg	1	0	0	0	0	0	0	0	0
61.jpg	1	0	0	0	0	0	0	0	0
1689.jpg	1	0	0	0	0	0	0	0	0
2007.jpg	1	0	0	0	0	0	0	0	0
1944.jpg	1	0	0	0	0	0	0	0	0
213.jpg	1	0	0	0	0	0	0	0	0
1077.jpg	1	0	0	0	0	0	0	0	0
1041.jpg	1	0	0	0	0	0	0	0	0
1067.jpg	1	0	0	0	0	0	0	0	0
1402.jpg	1	0	0	0	0	0	0	0	0
1164.jpg	1	0	0	0	0	0	0	0	0
2225.jpg	1	0	0	0	0	0	0	0	0
407.jpg	1	0	0	0	0	0	0	0	0
82.jpg	1	0	0	0	0	0	0	0	0
2843.jpg	1	0	0	0	0	0	0	0	0
1021.jpg	1	0	0	0	0	0	0	0	0
2731.jpg	1	0	0	0	0	0	0	0	0
1350.jpg	1	0	0	0	0	0	0	0	0
2866.jpg	1	0	0	0	0	0	0	0	0
1964.jpg	1	0	0	0	0	0	0	0	0
1403.jpg	1	0	0	0	0	0	0	0	0
272.jpg	1	0	0	0	0	0	0	0	0
1247.jpg	1	0	0	0	0	0	0	0	0
1233.jpg	1	0	0	0	0	0	0	0	0
1414.jpg	1	0	0	0	0	0	0	0	0
2025.jpg	1	0	0	0	0	0	0	0	0
1588.jpg	1	0	0	0	0	0	0	0	0
1452.jpg	1	0	0	0	0	0	0	0	0
2191.jpg	1	0	0	0	0	0	0	0	0
2868.jpg	1	0	0	0	0	0	0	0	0
167.jpg	1	0	0	0	0	0	0	0	0
2113.jpg	1	0	0	0	0	0	0	0	0
1941.jpg	1	0	0	0	0	0	0	0	0
1165.jpg	1	0	0	0	0	0	0	0	0
1139.jpg	1	0	0	0	0	0	0	0	0
472.jpg	1	0	0	0	0	0	0	0	0
2241.jpg	1	0	0	0	0	0	0	0	0
1099.jpg	1	0	0	0	0	0	0	0	0
2777.jpg	1	0	0	0	0	0	0	0	0
1231.jpg	1	0	0	0	0	0	0	0	0
2711.jpg	1	0	0	0	0	0	0	0	0
2176.jpg	1	0	0	0	0	0	0	0	0
1899.jpg	1	0	0	0	0	0	0	0	0
106.jpg	1	0	0	0	0	0	0	0	0
522.jpg	1	0	0	0	0	0	0	0	0
958.jpg	1	0	0	0	0	0	0	0	0
1267.jpg	1	0	0	0	0	0	0	0	0
266.jpg	1	0	0	0	0	0	0	0	0
1687.jpg	1	0	0	0	0	0	0	0	0
2857.jpg	1	0	0	0	0	0	0	0	0
1431.jpg	1	0	0	0	0	0	0	0	0
1721.jpg	1	0	0	0	0	0	0	0	0
1475.jpg	1	0	0	0	0	0	0	0	0
1154.jpg	1	0	0	0	0	0	0	0	0
1222.jpg	1	0	0	0	0	0	0	0	0
2198.jpg	1	0	0	0	0	0	0	0	0
1317.jpg	1	0	0	0	0	0	0	0	0
1794.jpg	1	0	0	0	0	0	0	0	0
155.jpg	1	0	0	0	0	0	0	0	0
1342.jpg	1	0	0	0	0	0	0	0	0
2132.jpg	1	0	0	0	0	0	0	0	0
1498.jpg	1	0	0	0	0	0	0	0	0
817.jpg	1	0	0	0	0	0	0	0	0
2233.jpg	1	0	0	0	0	0	0	0	0
1297.jpg	1	0	0	0	0	0	0	0	0
293.jpg	1	0	0	0	0	0	0	0	0
1476.jpg	1	0	0	0	0	0	0	0	0
1641.jpg	1	0	0	0	0	0	0	0	0
1610.jpg	1	0	0	0	0	0	0	0	0
1232.jpg	1	0	0	0	0	0	0	0	0
2911.jpg	1	0	0	0	0	0	0	0	0
2092.jpg	1	0	0	0	0	0	0	0	0
1953.jpg	1	0	0	0	0	0	0	0	0
1480.jpg	1	0	0	0	0	0	0	0	0
1327.jpg	1	0	0	0	0	0	0	0	0
35.jpg	1	0	0	0	0	0	0	0	0
2134.jpg	1	0	0	0	0	0	0	0	0
512.jpg	1	0	0	0	0	0	0	0	0
1474.jpg	1	0	0	0	0	0	0	0	0
2230.jpg	1	0	0	0	0	0	0	0	0
2162.jpg	1	0	0	0	0	0	0	0	0
1714.jpg	1	0	0	0	0	0	0	0	0
1832.jpg	1	0	0	0	0	0	0	0	0
1579.jpg	1	0	0	0	0	0	0	0	0
1976.jpg	1	0	0	0	0	0	0	0	0
298.jpg	1	0	0	0	0	0	0	0	0
424.jpg	1	0	0	0	0	0	0	0	0
1013.jpg	1	0	0	0	0	0	0	0	0
1186.jpg	1	0	0	0	0	0	0	0	0
562.jpg	1	0	0	0	0	0	0	0	0
2784.jpg	1	0	0	0	0	0	0	0	0
2819.jpg	1	0	0	0	0	0	0	0	0
2070.jpg	1	0	0	0	0	0	0	0	0
388.jpg	1	0	0	0	0	0	0	0	0
1969.jpg	1	0	0	0	0	0	0	0	0
2823.jpg	1	0	0	0	0	0	0	0	0
1158.jpg	1	0	0	0	0	0	0	0	0
2884.jpg	1	0	0	0	0	0	0	0	0
2026.jpg	1	0	0	0	0	0	0	0	0
1383.jpg	1	0	0	0	0	0	0	0	0
2141.jpg	1	0	0	0	0	0	0	0	0
2151.jpg	1	0	0	0	0	0	0	0	0
2880.jpg	1	0	0	0	0	0	0	0	0
289.jpg	1	0	0	0	0	0	0	0	0
445.jpg	1	0	0	0	0	0	0	0	0
311.jpg	1	0	0	0	0	0	0	0	0
1867.jpg	1	0	0	0	0	0	0	0	0
37.jpg	1	0	0	0	0	0	0	0	0
1997.jpg	1	0	0	0	0	0	0	0	0
88.jpg	1	0	0	0	0	0	0	0	0
1547.jpg	1	0	0	0	0	0	0	0	0
247.jpg	1	0	0	0	0	0	0	0	0
1865.jpg	1	0	0	0	0	0	0	0	0
26.jpg	1	0	0	0	0	0	0	0	0
2131.jpg	1	0	0	0	0	0	0	0	0
1125.jpg	1	0	0	0	0	0	0	0	0
1161.jpg	1	0	0	0	0	0	0	0	0
2122.jpg	1	0	0	0	0	0	0	0	0
1671.jpg	1	0	0	0	0	0	0	0	0
1612.jpg	1	0	0	0	0	0	0	0	0
330.jpg	1	0	0	0	0	0	0	0	0
1575.jpg	1	0	0	0	0	0	0	0	0
1930.jpg	1	0	0	0	0	0	0	0	0
1100.jpg	1	0	0	0	0	0	0	0	0
178.jpg	1	0	0	0	0	0	0	0	0
1094.jpg	1	0	0	0	0	0	0	0	0
1908.jpg	1	0	0	0	0	0	0	0	0
1183.jpg	1	0	0	0	0	0	0	0	0
1909.jpg	1	0	0	0	0	0	0	0	0
2912.jpg	1	0	0	0	0	0	0	0	0
1221.jpg	1	0	0	0	0	0	0	0	0
555.jpg	1	0	0	0	0	0	0	0	0
1109.jpg	1	0	0	0	0	0	0	0	0
188.jpg	1	0	0	0	0	0	0	0	0
1540.jpg	1	0	0	0	0	0	0	0	0
1519.jpg	1	0	0	0	0	0	0	0	0
2008.jpg	1	0	0	0	0	0	0	0	0
109.jpg	1	0	0	0	0	0	0	0	0
132.jpg	1	0	0	0	0	0	0	0	0
1544.jpg	1	0	0	0	0	0	0	0	0
1330.jpg	1	0	0	0	0	0	0	0	0
217.jpg	1	0	0	0	0	0	0	0	0
2881.jpg	1	0	0	0	0	0	0	0	0
2744.jpg	1	0	0	0	0	0	0	0	0
1718.jpg	1	0	0	0	0	0	0	0	0
1435.jpg	1	0	0	0	0	0	0	0	0
18.jpg	1	0	0	0	0	0	0	0	0
2163.jpg	1	0	0	0	0	0	0	0	0
1533.jpg	1	0	0	0	0	0	0	0	0
756.jpg	1	0	0	0	0	0	0	0	0
979.jpg	1	0	0	0	0	0	0	0	0
70.jpg	1	0	0	0	0	0	0	0	0
2079.jpg	1	0	0	0	0	0	0	0	0
1628.jpg	1	0	0	0	0	0	0	0	0
354.jpg	1	0	0	0	0	0	0	0	0
1634.jpg	1	0	0	0	0	0	0	0	0
143.jpg	1	0	0	0	0	0	0	0	0
1933.jpg	1	0	0	0	0	0	0	0	0
316.jpg	1	0	0	0	0	0	0	0	0
1446.jpg	1	0	0	0	0	0	0	0	0
1423.jpg	1	0	0	0	0	0	0	0	0
151.jpg	1	0	0	0	0	0	0	0	0
1573.jpg	1	0	0	0	0	0	0	0	0
150.jpg	1	0	0	0	0	0	0	0	0
2150.jpg	1	0	0	0	0	0	0	0	0
172.jpg	1	0	0	0	0	0	0	0	0
1054.jpg	1	0	0	0	0	0	0	0	0
1361.jpg	1	0	0	0	0	0	0	0	0
2754.jpg	1	0	0	0	0	0	0	0	0
160.jpg	1	0	0	0	0	0	0	0	0
2775.jpg	1	0	0	0	0	0	0	0	0
1806.jpg	1	0	0	0	0	0	0	0	0
600.jpg	1	0	0	0	0	0	0	0	0
335.jpg	1	0	0	0	0	0	0	0	0
1539.jpg	1	0	0	0	0	0	0	0	0
366.jpg	1	0	0	0	0	0	0	0	0
1536.jpg	1	0	0	0	0	0	0	0	0
74.jpg	1	0	0	0	0	0	0	0	0
1254.jpg	1	0	0	0	0	0	0	0	0
2788.jpg	1	0	0	0	0	0	0	0	0
1152.jpg	1	0	0	0	0	0	0	0	0
1564.jpg	1	0	0	0	0	0	0	0	0
1284.jpg	1	0	0	0	0	0	0	0	0
389.jpg	1	0	0	0	0	0	0	0	0
190.jpg	1	0	0	0	0	0	0	0	0
1680.jpg	1	0	0	0	0	0	0	0	0
1741.jpg	1	0	0	0	0	0	0	0	0
2873.jpg	1	0	0	0	0	0	0	0	0
1717.jpg	1	0	0	0	0	0	0	0	0
1485.jpg	1	0	0	0	0	0	0	0	0
2855.jpg	1	0	0	0	0	0	0	0	0
2862.jpg	1	0	0	0	0	0	0	0	0
1624.jpg	1	0	0	0	0	0	0	0	0
2031.jpg	1	0	0	0	0	0	0	0	0
1338.jpg	1	0	0	0	0	0	0	0	0
1440.jpg	1	0	0	0	0	0	0	0	0
1464.jpg	1	0	0	0	0	0	0	0	0
1586.jpg	1	0	0	0	0	0	0	0	0
312.jpg	1	0	0	0	0	0	0	0	0
1309.jpg	1	0	0	0	0	0	0	0	0
2870.jpg	1	0	0	0	0	0	0	0	0
23.jpg	1	0	0	0	0	0	0	0	0
2714.jpg	1	0	0	0	0	0	0	0	0
2244.jpg	1	0	0	0	0	0	0	0	0
2748.jpg	1	0	0	0	0	0	0	0	0
2199.jpg	1	0	0	0	0	0	0	0	0
20.jpg	1	0	0	0	0	0	0	0	0
1312.jpg	1	0	0	0	0	0	0	0	0
2063.jpg	1	0	0	0	0	0	0	0	0
2920.jpg	1	0	0	0	0	0	0	0	0
1357.jpg	1	0	0	0	0	0	0	0	0
2164.jpg	1	0	0	0	0	0	0	0	0
1006.jpg	1	0	0	0	0	0	0	0	0
48.jpg	1	0	0	0	0	0	0	0	0
1959.jpg	1	0	0	0	0	0	0	0	0
1256.jpg	1	0	0	0	0	0	0	0	0
1285.jpg	1	0	0	0	0	0	0	0	0
1844.jpg	1	0	0	0	0	0	0	0	0
2835.jpg	1	0	0	0	0	0	0	0	0
1917.jpg	1	0	0	0	0	0	0	0	0
1587.jpg	1	0	0	0	0	0	0	0	0
2254.jpg	1	0	0	0	0	0	0	0	0
1341.jpg	1	0	0	0	0	0	0	0	0
2248.jpg	1	0	0	0	0	0	0	0	0
1086.jpg	1	0	0	0	0	0	0	0	0
2859.jpg	1	0	0	0	0	0	0	0	0
365.jpg	1	0	0	0	0	0	0	0	0
2266.jpg	1	0	0	0	0	0	0	0	0
1230.jpg	1	0	0	0	0	0	0	0	0
1496.jpg	1	0	0	0	0	0	0	0	0
1445.jpg	1	0	0	0	0	0	0	0	0
2901.jpg	1	0	0	0	0	0	0	0	0
2895.jpg	1	0	0	0	0	0	0	0	0
98.jpg	1	0	0	0	0	0	0	0	0
1456.jpg	1	0	0	0	0	0	0	0	0
168.jpg	1	0	0	0	0	0	0	0	0
2232.jpg	1	0	0	0	0	0	0	0	0
1057.jpg	1	0	0	0	0	0	0	0	0
203.jpg	1	0	0	0	0	0	0	0	0
2297.jpg	1	0	0	0	0	0	0	0	0
185.jpg	1	0	0	0	0	0	0	0	0
2109.jpg	1	0	0	0	0	0	0	0	0
1508.jpg	1	0	0	0	0	0	0	0	0
1620.jpg	1	0	0	0	0	0	0	0	0
2847.jpg	1	0	0	0	0	0	0	0	0
127.jpg	1	0	0	0	0	0	0	0	0
1.jpg	1	0	0	0	0	0	0	0	0
2898.jpg	1	0	0	0	0	0	0	0	0
1135.jpg	1	0	0	0	0	0	0	0	0
1380.jpg	1	0	0	0	0	0	0	0	0
2181.jpg	1	0	0	0	0	0	0	0	0
1076.jpg	1	0	0	0	0	0	0	0	0
130.jpg	1	0	0	0	0	0	0	0	0
1923.jpg	1	0	0	0	0	0	0	0	0
1805.jpg	1	0	0	0	0	0	0	0	0
1749.jpg	1	0	0	0	0	0	0	0	0
92.jpg	1	0	0	0	0	0	0	0	0
1251.jpg	1	0	0	0	0	0	0	0	0
2183.jpg	1	0	0	0	0	0	0	0	0
1733.jpg	1	0	0	0	0	0	0	0	0
62.jpg	1	0	0	0	0	0	0	0	0
1734.jpg	1	0	0	0	0	0	0	0	0
2803.jpg	1	0	0	0	0	0	0	0	0
2719.jpg	1	0	0	0	0	0	0	0	0
1931.jpg	1	0	0	0	0	0	0	0	0
1743.jpg	1	0	0	0	0	0	0	0	0
442.jpg	1	0	0	0	0	0	0	0	0
2034.jpg	1	0	0	0	0	0	0	0	0
1162.jpg	1	0	0	0	0	0	0	0	0
1331.jpg	1	0	0	0	0	0	0	0	0
1869.jpg	1	0	0	0	0	0	0	0	0
781.jpg	1	0	0	0	0	0	0	0	0
1263.jpg	1	0	0	0	0	0	0	0	0
2240.jpg	1	0	0	0	0	0	0	0	0
1699.jpg	1	0	0	0	0	0	0	0	0
1744.jpg	1	0	0	0	0	0	0	0	0
1521.jpg	1	0	0	0	0	0	0	0	0
2222.jpg	1	0	0	0	0	0	0	0	0
1812.jpg	1	0	0	0	0	0	0	0	0
1318.jpg	1	0	0	0	0	0	0	0	0
1947.jpg	1	0	0	0	0	0	0	0	0
1762.jpg	1	0	0	0	0	0	0	0	0
1801.jpg	1	0	0	0	0	0	0	0	0
2919.jpg	1	0	0	0	0	0	0	0	0
1756.jpg	1	0	0	0	0	0	0	0	0
1664.jpg	1	0	0	0	0	0	0	0	0
1591.jpg	1	0	0	0	0	0	0	0	0
2246.jpg	1	0	0	0	0	0	0	0	0
1376.jpg	1	0	0	0	0	0	0	0	0
1841.jpg	1	0	0	0	0	0	0	0	0
1649.jpg	1	0	0	0	0	0	0	0	0
1900.jpg	1	0	0	0	0	0	0	0	0
1633.jpg	1	0	0	0	0	0	0	0	0
1818.jpg	1	0	0	0	0	0	0	0	0
2470.jpg	1	0	0	0	0	0	0	0	0
2769.jpg	1	0	0	0	0	0	0	0	0
1640.jpg	1	0	0	0	0	0	0	0	0
1097.jpg	1	0	0	0	0	0	0	0	0
1648.jpg	1	0	0	0	0	0	0	0	0
1098.jpg	1	0	0	0	0	0	0	0	0
9.jpg	1	0	0	0	0	0	0	0	0
1121.jpg	1	0	0	0	0	0	0	0	0
1075.jpg	1	0	0	0	0	0	0	0	0
1168.jpg	1	0	0	0	0	0	0	0	0
232.jpg	1	0	0	0	0	0	0	0	0
2757.jpg	1	0	0	0	0	0	0	0	0
2185.jpg	1	0	0	0	0	0	0	0	0
2871.jpg	1	0	0	0	0	0	0	0	0
346.jpg	1	0	0	0	0	0	0	0	0
63.jpg	1	0	0	0	0	0	0	0	0
2723.jpg	1	0	0	0	0	0	0	0	0
1613.jpg	1	0	0	0	0	0	0	0	0
2710.jpg	1	0	0	0	0	0	0	0	0
2790.jpg	1	0	0	0	0	0	0	0	0
2772.jpg	1	0	0	0	0	0	0	0	0
1131.jpg	1	0	0	0	0	0	0	0	0
214.jpg	1	0	0	0	0	0	0	0	0
2858.jpg	1	0	0	0	0	0	0	0	0
1255.jpg	1	0	0	0	0	0	0	0	0
1596.jpg	1	0	0	0	0	0	0	0	0
2729.jpg	1	0	0	0	0	0	0	0	0
2267.jpg	1	0	0	0	0	0	0	0	0
1358.jpg	1	0	0	0	0	0	0	0	0
85.jpg	1	0	0	0	0	0	0	0	0
1308.jpg	1	0	0	0	0	0	0	0	0
703.jpg	1	0	0	0	0	0	0	0	0
2749.jpg	1	0	0	0	0	0	0	0	0
2019.jpg	1	0	0	0	0	0	0	0	0
125.jpg	1	0	0	0	0	0	0	0	0
1413.jpg	1	0	0	0	0	0	0	0	0
252.jpg	1	0	0	0	0	0	0	0	0
1751.jpg	1	0	0	0	0	0	0	0	0
1937.jpg	1	0	0	0	0	0	0	0	0
50.jpg	1	0	0	0	0	0	0	0	0
816.jpg	1	0	0	0	0	0	0	0	0
2891.jpg	1	0	0	0	0	0	0	0	0
7.jpg	1	0	0	0	0	0	0	0	0
2270.jpg	1	0	0	0	0	0	0	0	0
1424.jpg	1	0	0	0	0	0	0	0	0
2278.jpg	1	0	0	0	0	0	0	0	0
1568.jpg	1	0	0	0	0	0	0	0	0
1250.jpg	1	0	0	0	0	0	0	0	0
757.jpg	1	0	0	0	0	0	0	0	0
1513.jpg	1	0	0	0	0	0	0	0	0
2875.jpg	1	0	0	0	0	0	0	0	0
1275.jpg	1	0	0	0	0	0	0	0	0
1543.jpg	1	0	0	0	0	0	0	0	0
2798.jpg	1	0	0	0	0	0	0	0	0
2180.jpg	1	0	0	0	0	0	0	0	0
332.jpg	1	0	0	0	0	0	0	0	0
1395.jpg	1	0	0	0	0	0	0	0	0
1836.jpg	1	0	0	0	0	0	0	0	0
2792.jpg	1	0	0	0	0	0	0	0	0
2003.jpg	1	0	0	0	0	0	0	0	0
1557.jpg	1	0	0	0	0	0	0	0	0
305.jpg	1	0	0	0	0	0	0	0	0
152.jpg	1	0	0	0	0	0	0	0	0
1777.jpg	1	0	0	0	0	0	0	0	0
1466.jpg	1	0	0	0	0	0	0	0	0
2283.jpg	1	0	0	0	0	0	0	0	0
1368.jpg	1	0	0	0	0	0	0	0	0
54.jpg	1	0	0	0	0	0	0	0	0
1425.jpg	1	0	0	0	0	0	0	0	0
2904.jpg	1	0	0	0	0	0	0	0	0
2062.jpg	1	0	0	0	0	0	0	0	0
1545.jpg	1	0	0	0	0	0	0	0	0
166.jpg	1	0	0	0	0	0	0	0	0
32.jpg	1	0	0	0	0	0	0	0	0
1061.jpg	1	0	0	0	0	0	0	0	0
2130.jpg	1	0	0	0	0	0	0	0	0
2091.jpg	1	0	0	0	0	0	0	0	0
1601.jpg	1	0	0	0	0	0	0	0	0
1887.jpg	1	0	0	0	0	0	0	0	0
1755.jpg	1	0	0	0	0	0	0	0	0
2899.jpg	1	0	0	0	0	0	0	0	0
2052.jpg	1	0	0	0	0	0	0	0	0
2047.jpg	1	0	0	0	0	0	0	0	0
2733.jpg	1	0	0	0	0	0	0	0	0
2289.jpg	1	0	0	0	0	0	0	0	0
1532.jpg	1	0	0	0	0	0	0	0	0
2718.jpg	1	0	0	0	0	0	0	0	0
1113.jpg	1	0	0	0	0	0	0	0	0
2235.jpg	1	0	0	0	0	0	0	0	0
2897.jpg	1	0	0	0	0	0	0	0	0
1898.jpg	1	0	0	0	0	0	0	0	0
1083.jpg	1	0	0	0	0	0	0	0	0
1229.jpg	1	0	0	0	0	0	0	0	0
206.jpg	1	0	0	0	0	0	0	0	0
1088.jpg	1	0	0	0	0	0	0	0	0
1085.jpg	1	0	0	0	0	0	0	0	0
2261.jpg	1	0	0	0	0	0	0	0	0
1807.jpg	1	0	0	0	0	0	0	0	0
1901.jpg	1	0	0	0	0	0	0	0	0
1889.jpg	1	0	0	0	0	0	0	0	0
1690.jpg	1	0	0	0	0	0	0	0	0
325.jpg	1	0	0	0	0	0	0	0	0
173.jpg	1	0	0	0	0	0	0	0	0
1037.jpg	1	0	0	0	0	0	0	0	0
2153.jpg	1	0	0	0	0	0	0	0	0
1684.jpg	1	0	0	0	0	0	0	0	0
1691.jpg	1	0	0	0	0	0	0	0	0
1551.jpg	1	0	0	0	0	0	0	0	0
320.jpg	1	0	0	0	0	0	0	0	0
1009.jpg	1	0	0	0	0	0	0	0	0
1829.jpg	1	0	0	0	0	0	0	0	0
2236.jpg	1	0	0	0	0	0	0	0	0
242.jpg	1	0	0	0	0	0	0	0	0
2849.jpg	1	0	0	0	0	0	0	0	0
262.jpg	1	0	0	0	0	0	0	0	0
1983.jpg	1	0	0	0	0	0	0	0	0
2831.jpg	1	0	0	0	0	0	0	0	0
1978.jpg	1	0	0	0	0	0	0	0	0
359.jpg	1	0	0	0	0	0	0	0	0
253.jpg	1	0	0	0	0	0	0	0	0
411.jpg	1	0	0	0	0	0	0	0	0
2094.jpg	1	0	0	0	0	0	0	0	0
2269.jpg	1	0	0	0	0	0	0	0	0
104.jpg	1	0	0	0	0	0	0	0	0
2090.jpg	1	0	0	0	0	0	0	0	0
1621.jpg	1	0	0	0	0	0	0	0	0
1918.jpg	1	0	0	0	0	0	0	0	0
364.jpg	1	0	0	0	0	0	0	0	0
1784.jpg	1	0	0	0	0	0	0	0	0
2045.jpg	1	0	0	0	0	0	0	0	0
1484.jpg	1	0	0	0	0	0	0	0	0
1310.jpg	1	0	0	0	0	0	0	0	0
1661.jpg	1	0	0	0	0	0	0	0	0
1343.jpg	1	0	0	0	0	0	0	0	0
2755.jpg	1	0	0	0	0	0	0	0	0
1872.jpg	1	0	0	0	0	0	0	0	0
2061.jpg	1	0	0	0	0	0	0	0	0
159.jpg	1	0	0	0	0	0	0	0	0
24.jpg	1	0	0	0	0	0	0	0	0
1447.jpg	1	0	0	0	0	0	0	0	0
2804.jpg	1	0	0	0	0	0	0	0	0
406.jpg	1	0	0	0	0	0	0	0	0
2217.jpg	1	0	0	0	0	0	0	0	0
231.jpg	1	0	0	0	0	0	0	0	0
204.jpg	1	0	0	0	0	0	0	0	0
2781.jpg	1	0	0	0	0	0	0	0	0
95.jpg	1	0	0	0	0	0	0	0	0
163.jpg	1	0	0	0	0	0	0	0	0
2203.jpg	1	0	0	0	0	0	0	0	0
1738.jpg	1	0	0	0	0	0	0	0	0
238.jpg	1	0	0	0	0	0	0	0	0
288.jpg	1	0	0	0	0	0	0	0	0
341.jpg	1	0	0	0	0	0	0	0	0
1274.jpg	1	0	0	0	0	0	0	0	0
1438.jpg	1	0	0	0	0	0	0	0	0
379.jpg	1	0	0	0	0	0	0	0	0
1880.jpg	1	0	0	0	0	0	0	0	0
372.jpg	1	0	0	0	0	0	0	0	0
1262.jpg	1	0	0	0	0	0	0	0	0
110.jpg	1	0	0	0	0	0	0	0	0
2734.jpg	1	0	0	0	0	0	0	0	0
1999.jpg	1	0	0	0	0	0	0	0	0
1084.jpg	1	0	0	0	0	0	0	0	0
1736.jpg	1	0	0	0	0	0	0	0	0
2742.jpg	1	0	0	0	0	0	0	0	0
1520.jpg	1	0	0	0	0	0	0	0	0
2694.jpg	1	0	0	0	0	0	0	0	0
234.jpg	1	0	0	0	0	0	0	0	0
1578.jpg	1	0	0	0	0	0	0	0	0
1763.jpg	1	0	0	0	0	0	0	0	0
2101.jpg	1	0	0	0	0	0	0	0	0
1856.jpg	1	0	0	0	0	0	0	0	0
259.jpg	1	0	0	0	0	0	0	0	0
1107.jpg	1	0	0	0	0	0	0	0	0
1239.jpg	1	0	0	0	0	0	0	0	0
83.jpg	1	0	0	0	0	0	0	0	0
2720.jpg	1	0	0	0	0	0	0	0	0
1797.jpg	1	0	0	0	0	0	0	0	0
2286.jpg	1	0	0	0	0	0	0	0	0
561.jpg	1	0	0	0	0	0	0	0	0
1747.jpg	1	0	0	0	0	0	0	0	0
1489.jpg	1	0	0	0	0	0	0	0	0
349.jpg	1	0	0	0	0	0	0	0	0
2281.jpg	1	0	0	0	0	0	0	0	0
319.jpg	1	0	0	0	0	0	0	0	0
1954.jpg	1	0	0	0	0	0	0	0	0
1441.jpg	1	0	0	0	0	0	0	0	0
1257.jpg	1	0	0	0	0	0	0	0	0
1454.jpg	1	0	0	0	0	0	0	0	0
1562.jpg	1	0	0	0	0	0	0	0	0
2108.jpg	1	0	0	0	0	0	0	0	0
1996.jpg	1	0	0	0	0	0	0	0	0
1122.jpg	1	0	0	0	0	0	0	0	0
44.jpg	1	0	0	0	0	0	0	0	0
243.jpg	1	0	0	0	0	0	0	0	0
2776.jpg	1	0	0	0	0	0	0	0	0
2782.jpg	1	0	0	0	0	0	0	0	0
2550.jpg	1	0	0	0	0	0	0	0	0
2275.jpg	1	0	0	0	0	0	0	0	0
339.jpg	1	0	0	0	0	0	0	0	0
2218.jpg	1	0	0	0	0	0	0	0	0
328.jpg	1	0	0	0	0	0	0	0	0
1236.jpg	1	0	0	0	0	0	0	0	0
342.jpg	1	0	0	0	0	0	0	0	0
1758.jpg	1	0	0	0	0	0	0	0	0
1095.jpg	1	0	0	0	0	0	0	0	0
1862.jpg	1	0	0	0	0	0	0	0	0
90.jpg	1	0	0	0	0	0	0	0	0
2205.jpg	1	0	0	0	0	0	0	0	0
2216.jpg	1	0	0	0	0	0	0	0	0
1053.jpg	1	0	0	0	0	0	0	0	0
2214.jpg	1	0	0	0	0	0	0	0	0
2106.jpg	1	0	0	0	0	0	0	0	0
270.jpg	1	0	0	0	0	0	0	0	0
2148.jpg	1	0	0	0	0	0	0	0	0
1608.jpg	1	0	0	0	0	0	0	0	0
1065.jpg	1	0	0	0	0	0	0	0	0
1261.jpg	1	0	0	0	0	0	0	0	0
1243.jpg	1	0	0	0	0	0	0	0	0
1709.jpg	1	0	0	0	0	0	0	0	0
212.jpg	1	0	0	0	0	0	0	0	0
2002.jpg	1	0	0	0	0	0	0	0	0
2923.jpg	1	0	0	0	0	0	0	0	0
1039.jpg	1	0	0	0	0	0	0	0	0
1481.jpg	1	0	0	0	0	0	0	0	0
1391.jpg	1	0	0	0	0	0	0	0	0
1207.jpg	1	0	0	0	0	0	0	0	0
2014.jpg	1	0	0	0	0	0	0	0	0
202.jpg	1	0	0	0	0	0	0	0	0
1080.jpg	1	0	0	0	0	0	0	0	0
13.jpg	1	0	0	0	0	0	0	0	0
1300.jpg	1	0	0	0	0	0	0	0	0
187.jpg	1	0	0	0	0	0	0	0	0
249.jpg	1	0	0	0	0	0	0	0	0
2753.jpg	1	0	0	0	0	0	0	0	0
11.jpg	1	0	0	0	0	0	0	0	0
268.jpg	1	0	0	0	0	0	0	0	0
1008.jpg	1	0	0	0	0	0	0	0	0
1381.jpg	1	0	0	0	0	0	0	0	0
201.jpg	1	0	0	0	0	0	0	0	0
161.jpg	1	0	0	0	0	0	0	0	0
2273.jpg	1	0	0	0	0	0	0	0	0
1800.jpg	1	0	0	0	0	0	0	0	0
1820.jpg	1	0	0	0	0	0	0	0	0
1492.jpg	1	0	0	0	0	0	0	0	0
1124.jpg	1	0	0	0	0	0	0	0	0
1646.jpg	1	0	0	0	0	0	0	0	0
1045.jpg	1	0	0	0	0	0	0	0	0
2095.jpg	1	0	0	0	0	0	0	0	0
315.jpg	1	0	0	0	0	0	0	0	0
2908.jpg	1	0	0	0	0	0	0	0	0
153.jpg	1	0	0	0	0	0	0	0	0
2189.jpg	1	0	0	0	0	0	0	0	0
356.jpg	1	0	0	0	0	0	0	0	0
1449.jpg	1	0	0	0	0	0	0	0	0
2801.jpg	1	0	0	0	0	0	0	0	0
1073.jpg	1	0	0	0	0	0	0	0	0
1192.jpg	1	0	0	0	0	0	0	0	0
1170.jpg	1	0	0	0	0	0	0	0	0
271.jpg	1	0	0	0	0	0	0	0	0
118.jpg	1	0	0	0	0	0	0	0	0
2865.jpg	1	0	0	0	0	0	0	0	0
2465.jpg	1	0	0	0	0	0	0	0	0
1552.jpg	1	0	0	0	0	0	0	0	0
263.jpg	1	0	0	0	0	0	0	0	0
1600.jpg	1	0	0	0	0	0	0	0	0
12.jpg	1	0	0	0	0	0	0	0	0
1069.jpg	1	0	0	0	0	0	0	0	0
2044.jpg	1	0	0	0	0	0	0	0	0
1096.jpg	1	0	0	0	0	0	0	0	0
1241.jpg	1	0	0	0	0	0	0	0	0
1752.jpg	1	0	0	0	0	0	0	0	0
1188.jpg	1	0	0	0	0	0	0	0	0
1776.jpg	1	0	0	0	0	0	0	0	0
2010.jpg	1	0	0	0	0	0	0	0	0
2793.jpg	1	0	0	0	0	0	0	0	0
348.jpg	1	0	0	0	0	0	0	0	0
1767.jpg	1	0	0	0	0	0	0	0	0
2005.jpg	1	0	0	0	0	0	0	0	0
114.jpg	1	0	0	0	0	0	0	0	0
1902.jpg	1	0	0	0	0	0	0	0	0
1212.jpg	1	0	0	0	0	0	0	0	0
1451.jpg	1	0	0	0	0	0	0	0	0
1141.jpg	1	0	0	0	0	0	0	0	0
133.jpg	1	0	0	0	0	0	0	0	0
1202.jpg	1	0	0	0	0	0	0	0	0
1499.jpg	1	0	0	0	0	0	0	0	0
417.jpg	1	0	0	0	0	0	0	0	0
1682.jpg	1	0	0	0	0	0	0	0	0
2889.jpg	1	0	0	0	0	0	0	0	0
1003.jpg	1	0	0	0	0	0	0	0	0
1200.jpg	1	0	0	0	0	0	0	0	0
1722.jpg	1	0	0	0	0	0	0	0	0
345.jpg	1	0	0	0	0	0	0	0	0
375.jpg	1	0	0	0	0	0	0	0	0
1974.jpg	1	0	0	0	0	0	0	0	0
1550.jpg	1	0	0	0	0	0	0	0	0
1668.jpg	1	0	0	0	0	0	0	0	0
27.jpg	1	0	0	0	0	0	0	0	0
200.jpg	1	0	0	0	0	0	0	0	0
141.jpg	1	0	0	0	0	0	0	0	0
2231.jpg	1	0	0	0	0	0	0	0	0
1108.jpg	1	0	0	0	0	0	0	0	0
310.jpg	1	0	0	0	0	0	0	0	0
1029.jpg	1	0	0	0	0	0	0	0	0
1072.jpg	1	0	0	0	0	0	0	0	0
1771.jpg	1	0	0	0	0	0	0	0	0
1056.jpg	1	0	0	0	0	0	0	0	0
371.jpg	1	0	0	0	0	0	0	0	0
2206.jpg	1	0	0	0	0	0	0	0	0
382.jpg	1	0	0	0	0	0	0	0	0
2825.jpg	1	0	0	0	0	0	0	0	0
64.jpg	1	0	0	0	0	0	0	0	0
208.jpg	1	0	0	0	0	0	0	0	0
1334.jpg	1	0	0	0	0	0	0	0	0
525.jpg	1	0	0	0	0	0	0	0	0
480.jpg	1	0	0	0	0	0	0	0	0
1716.jpg	1	0	0	0	0	0	0	0	0
241.jpg	1	0	0	0	0	0	0	0	0
1397.jpg	1	0	0	0	0	0	0	0	0
304.jpg	1	0	0	0	0	0	0	0	0
89.jpg	1	0	0	0	0	0	0	0	0
1136.jpg	1	0	0	0	0	0	0	0	0
2194.jpg	1	0	0	0	0	0	0	0	0
1303.jpg	1	0	0	0	0	0	0	0	0
482.jpg	1	0	0	0	0	0	0	0	0
1279.jpg	1	0	0	0	0	0	0	0	0
2165.jpg	1	0	0	0	0	0	0	0	0
1356.jpg	1	0	0	0	0	0	0	0	0
1791.jpg	1	0	0	0	0	0	0	0	0
2073.jpg	1	0	0	0	0	0	0	0	0
1696.jpg	1	0	0	0	0	0	0	0	0
1669.jpg	1	0	0	0	0	0	0	0	0
2125.jpg	1	0	0	0	0	0	0	0	0
1370.jpg	1	0	0	0	0	0	0	0	0
1386.jpg	1	0	0	0	0	0	0	0	0
1339.jpg	1	0	0	0	0	0	0	0	0
41.jpg	1	0	0	0	0	0	0	0	0
1789.jpg	1	0	0	0	0	0	0	0	0
1355.jpg	1	0	0	0	0	0	0	0	0
1450.jpg	1	0	0	0	0	0	0	0	0
1148.jpg	1	0	0	0	0	0	0	0	0
1787.jpg	1	0	0	0	0	0	0	0	0
2918.jpg	1	0	0	0	0	0	0	0	0
1512.jpg	1	0	0	0	0	0	0	0	0
2009.jpg	1	0	0	0	0	0	0	0	0
1553.jpg	1	0	0	0	0	0	0	0	0
2455.jpg	1	0	0	0	0	0	0	0	0
2118.jpg	1	0	0	0	0	0	0	0	0
2156.jpg	1	0	0	0	0	0	0	0	0
2910.jpg	1	0	0	0	0	0	0	0	0
57.jpg	1	0	0	0	0	0	0	0	0
1319.jpg	1	0	0	0	0	0	0	0	0
1764.jpg	1	0	0	0	0	0	0	0	0
158.jpg	1	0	0	0	0	0	0	0	0
2712.jpg	1	0	0	0	0	0	0	0	0
1463.jpg	1	0	0	0	0	0	0	0	0
1672.jpg	1	0	0	0	0	0	0	0	0
858.jpg	1	0	0	0	0	0	0	0	0
1500.jpg	1	0	0	0	0	0	0	0	0
6.jpg	1	0	0	0	0	0	0	0	0
1032.jpg	1	0	0	0	0	0	0	0	0
2885.jpg	1	0	0	0	0	0	0	0	0
1502.jpg	1	0	0	0	0	0	0	0	0
1688.jpg	1	0	0	0	0	0	0	0	0
1428.jpg	1	0	0	0	0	0	0	0	0
1742.jpg	1	0	0	0	0	0	0	0	0
2032.jpg	1	0	0	0	0	0	0	0	0
2086.jpg	1	0	0	0	0	0	0	0	0
1907.jpg	1	0	0	0	0	0	0	0	0
1353.jpg	1	0	0	0	0	0	0	0	0
86.jpg	1	0	0	0	0	0	0	0	0
1005.jpg	1	0	0	0	0	0	0	0	0
1405.jpg	1	0	0	0	0	0	0	0	0
1630.jpg	1	0	0	0	0	0	0	0	0
1407.jpg	1	0	0	0	0	0	0	0	0
1948.jpg	1	0	0	0	0	0	0	0	0
149.jpg	1	0	0	0	0	0	0	0	0
1786.jpg	1	0	0	0	0	0	0	0	0
1166.jpg	1	0	0	0	0	0	0	0	0
111.jpg	1	0	0	0	0	0	0	0	0
353.jpg	1	0	0	0	0	0	0	0	0
852.jpg	1	0	0	0	0	0	0	0	0
1893.jpg	1	0	0	0	0	0	0	0	0
1811.jpg	1	0	0	0	0	0	0	0	0
1683.jpg	1	0	0	0	0	0	0	0	0
1516.jpg	1	0	0	0	0	0	0	0	0
2829.jpg	1	0	0	0	0	0	0	0	0
1132.jpg	1	0	0	0	0	0	0	0	0
1719.jpg	1	0	0	0	0	0	0	0	0
308.jpg	1	0	0	0	0	0	0	0	0
2220.jpg	1	0	0	0	0	0	0	0	0
2732.jpg	1	0	0	0	0	0	0	0	0
1217.jpg	1	0	0	0	0	0	0	0	0
1546.jpg	1	0	0	0	0	0	0	0	0
164.jpg	1	0	0	0	0	0	0	0	0
2922.jpg	1	0	0	0	0	0	0	0	0
1389.jpg	1	0	0	0	0	0	0	0	0
1408.jpg	1	0	0	0	0	0	0	0	0
1854.jpg	1	0	0	0	0	0	0	0	0
17.jpg	1	0	0	0	0	0	0	0	0
66.jpg	1	0	0	0	0	0	0	0	0
1301.jpg	1	0	0	0	0	0	0	0	0
1390.jpg	1	0	0	0	0	0	0	0	0
2012.jpg	1	0	0	0	0	0	0	0	0
1703.jpg	1	0	0	0	0	0	0	0	0
357.jpg	1	0	0	0	0	0	0	0	0
322.jpg	1	0	0	0	0	0	0	0	0
1244.jpg	1	0	0	0	0	0	0	0	0
2247.jpg	1	0	0	0	0	0	0	0	0
181.jpg	1	0	0	0	0	0	0	0	0
529.jpg	1	0	0	0	0	0	0	0	0
2650.jpg	1	0	0	0	0	0	0	0	0
2039.jpg	1	0	0	0	0	0	0	0	0
1731.jpg	1	0	0	0	0	0	0	0	0
55.jpg	1	0	0	0	0	0	0	0	0
1140.jpg	1	0	0	0	0	0	0	0	0
215.jpg	1	0	0	0	0	0	0	0	0
2284.jpg	1	0	0	0	0	0	0	0	0
458.jpg	1	0	0	0	0	0	0	0	0
1220.jpg	1	0	0	0	0	0	0	0	0
1877.jpg	1	0	0	0	0	0	0	0	0
1963.jpg	1	0	0	0	0	0	0	0	0
1861.jpg	1	0	0	0	0	0	0	0	0
2133.jpg	1	0	0	0	0	0	0	0	0
1406.jpg	1	0	0	0	0	0	0	0	0
1043.jpg	1	0	0	0	0	0	0	0	0
1524.jpg	1	0	0	0	0	0	0	0	0
1920.jpg	1	0	0	0	0	0	0	0	0
2758.jpg	1	0	0	0	0	0	0	0	0
73.jpg	1	0	0	0	0	0	0	0	0
2745.jpg	1	0	0	0	0	0	0	0	0
560.jpg	1	0	0	0	0	0	0	0	0
223.jpg	1	0	0	0	0	0	0	0	0
236.jpg	1	0	0	0	0	0	0	0	0
1058.jpg	1	0	0	0	0	0	0	0	0
222.jpg	1	0	0	0	0	0	0	0	0
1116.jpg	1	0	0	0	0	0	0	0	0
1827.jpg	1	0	0	0	0	0	0	0	0
408.jpg	1	0	0	0	0	0	0	0	0
1313.jpg	1	0	0	0	0	0	0	0	0
2167.jpg	1	0	0	0	0	0	0	0	0
2144.jpg	1	0	0	0	0	0	0	0	0
1320.jpg	1	0	0	0	0	0	0	0	0
1351.jpg	1	0	0	0	0	0	0	0	0
2800.jpg	1	0	0	0	0	0	0	0	0
1064.jpg	1	0	0	0	0	0	0	0	0
1384.jpg	1	0	0	0	0	0	0	0	0
1635.jpg	1	0	0	0	0	0	0	0	0
1878.jpg	1	0	0	0	0	0	0	0	0
459.jpg	1	0	0	0	0	0	0	0	0
2268.jpg	1	0	0	0	0	0	0	0	0
1850.jpg	1	0	0	0	0	0	0	0	0
2195.jpg	1	0	0	0	0	0	0	0	0
352.jpg	1	0	0	0	0	0	0	0	0
1857.jpg	1	0	0	0	0	0	0	0	0
2774.jpg	1	0	0	0	0	0	0	0	0
2285.jpg	1	0	0	0	0	0	0	0	0
103.jpg	1	0	0	0	0	0	0	0	0
1147.jpg	1	0	0	0	0	0	0	0	0
1968.jpg	1	0	0	0	0	0	0	0	0
2040.jpg	1	0	0	0	0	0	0	0	0
1572.jpg	1	0	0	0	0	0	0	0	0
2229.jpg	1	0	0	0	0	0	0	0	0
307.jpg	1	0	0	0	0	0	0	0	0
1394.jpg	1	0	0	0	0	0	0	0	0
19.jpg	1	0	0	0	0	0	0	0	0
1169.jpg	1	0	0	0	0	0	0	0	0
1527.jpg	1	0	0	0	0	0	0	0	0
1864.jpg	1	0	0	0	0	0	0	0	0
179.jpg	1	0	0	0	0	0	0	0	0
2726.jpg	1	0	0	0	0	0	0	0	0
2735.jpg	1	0	0	0	0	0	0	0	0
2097.jpg	1	0	0	0	0	0	0	0	0
2263.jpg	1	0	0	0	0	0	0	0	0
2084.jpg	1	0	0	0	0	0	0	0	0
1134.jpg	1	0	0	0	0	0	0	0	0
2915.jpg	1	0	0	0	0	0	0	0	0
2890.jpg	1	0	0	0	0	0	0	0	0
1159.jpg	1	0	0	0	0	0	0	0	0
144.jpg	1	0	0	0	0	0	0	0	0
2098.jpg	1	0	0	0	0	0	0	0	0
2219.jpg	1	0	0	0	0	0	0	0	0
1542.jpg	1	0	0	0	0	0	0	0	0
1419.jpg	1	0	0	0	0	0	0	0	0
2761.jpg	1	0	0	0	0	0	0	0	0
1852.jpg	1	0	0	0	0	0	0	0	0
1828.jpg	1	0	0	0	0	0	0	0	0
2764.jpg	1	0	0	0	0	0	0	0	0
2100.jpg	1	0	0	0	0	0	0	0	0
1277.jpg	1	0	0	0	0	0	0	0	0
1163.jpg	1	0	0	0	0	0	0	0	0
1175.jpg	1	0	0	0	0	0	0	0	0
1174.jpg	1	0	0	0	0	0	0	0	0
1766.jpg	1	0	0	0	0	0	0	0	0
1453.jpg	1	0	0	0	0	0	0	0	0
1354.jpg	1	0	0	0	0	0	0	0	0
2228.jpg	1	0	0	0	0	0	0	0	0
1281.jpg	1	0	0	0	0	0	0	0	0
1106.jpg	1	0	0	0	0	0	0	0	0
1517.jpg	1	0	0	0	0	0	0	0	0
281.jpg	1	0	0	0	0	0	0	0	0
2178.jpg	1	0	0	0	0	0	0	0	0
521.jpg	1	0	0	0	0	0	0	0	0
1070.jpg	1	0	0	0	0	0	0	0	0
2878.jpg	1	0	0	0	0	0	0	0	0
1495.jpg	1	0	0	0	0	0	0	0	0
2099.jpg	1	0	0	0	0	0	0	0	0
1913.jpg	1	0	0	0	0	0	0	0	0
2842.jpg	1	0	0	0	0	0	0	0	0
2877.jpg	1	0	0	0	0	0	0	0	0
2921.jpg	1	0	0	0	0	0	0	0	0
1966.jpg	1	0	0	0	0	0	0	0	0
996.jpg	1	0	0	0	0	0	0	0	0
1890.jpg	1	0	0	0	0	0	0	0	0
1270.jpg	1	0	0	0	0	0	0	0	0
1506.jpg	1	0	0	0	0	0	0	0	0
2760.jpg	1	0	0	0	0	0	0	0	0
1642.jpg	1	0	0	0	0	0	0	0	0
1753.jpg	1	0	0	0	0	0	0	0	0
2238.jpg	1	0	0	0	0	0	0	0	0
1538.jpg	1	0	0	0	0	0	0	0	0
2896.jpg	1	0	0	0	0	0	0	0	0
1873.jpg	1	0	0	0	0	0	0	0	0
2170.jpg	1	0	0	0	0	0	0	0	0
1418.jpg	1	0	0	0	0	0	0	0	0
1042.jpg	1	0	0	0	0	0	0	0	0
2154.jpg	1	0	0	0	0	0	0	0	0
1888.jpg	1	0	0	0	0	0	0	0	0
1619.jpg	1	0	0	0	0	0	0	0	0
1195.jpg	1	0	0	0	0	0	0	0	0
1891.jpg	1	0	0	0	0	0	0	0	0
1535.jpg	1	0	0	0	0	0	0	0	0
570.jpg	1	0	0	0	0	0	0	0	0
1150.jpg	1	0	0	0	0	0	0	0	0
999.jpg	1	0	0	0	0	0	0	0	0
1180.jpg	1	0	0	0	0	0	0	0	0
121.jpg	1	0	0	0	0	0	0	0	0
1487.jpg	1	0	0	0	0	0	0	0	0
1590.jpg	1	0	0	0	0	0	0	0	0
355.jpg	1	0	0	0	0	0	0	0	0
2209.jpg	1	0	0	0	0	0	0	0	0
1401.jpg	1	0	0	0	0	0	0	0	0
2852.jpg	1	0	0	0	0	0	0	0	0
1623.jpg	1	0	0	0	0	0	0	0	0
1465.jpg	1	0	0	0	0	0	0	0	0
2041.jpg	1	0	0	0	0	0	0	0	0
2042.jpg	1	0	0	0	0	0	0	0	0
2925.jpg	1	0	0	0	0	0	0	0	0
1655.jpg	1	0	0	0	0	0	0	0	0
1650.jpg	1	0	0	0	0	0	0	0	0
1332.jpg	1	0	0	0	0	0	0	0	0
2072.jpg	1	0	0	0	0	0	0	0	0
102.jpg	1	0	0	0	0	0	0	0	0
1206.jpg	1	0	0	0	0	0	0	0	0
1398.jpg	1	0	0	0	0	0	0	0	0
1594.jpg	1	0	0	0	0	0	0	0	0
1765.jpg	1	0	0	0	0	0	0	0	0
2017.jpg	1	0	0	0	0	0	0	0	0
370.jpg	1	0	0	0	0	0	0	0	0
2020.jpg	1	0	0	0	0	0	0	0	0
1958.jpg	1	0	0	0	0	0	0	0	0
2860.jpg	1	0	0	0	0	0	0	0	0
1554.jpg	1	0	0	0	0	0	0	0	0
2568.jpg	1	0	0	0	0	0	0	0	0
43.jpg	1	0	0	0	0	0	0	0	0
1156.jpg	1	0	0	0	0	0	0	0	0
22.jpg	1	0	0	0	0	0	0	0	0
210.jpg	1	0	0	0	0	0	0	0	0
1264.jpg	1	0	0	0	0	0	0	0	0
157.jpg	1	0	0	0	0	0	0	0	0
131.jpg	1	0	0	0	0	0	0	0	0
350.jpg	1	0	0	0	0	0	0	0	0
2906.jpg	1	0	0	0	0	0	0	0	0
2456.jpg	1	0	0	0	0	0	0	0	0
1430.jpg	1	0	0	0	0	0	0	0	0
274.jpg	1	0	0	0	0	0	0	0	0
1622.jpg	1	0	0	0	0	0	0	0	0
2234.jpg	1	0	0	0	0	0	0	0	0
378.jpg	1	0	0	0	0	0	0	0	0
1700.jpg	1	0	0	0	0	0	0	0	0
1000.jpg	1	0	0	0	0	0	0	0	0
2111.jpg	1	0	0	0	0	0	0	0	0
140.jpg	1	0	0	0	0	0	0	0	0
2853.jpg	1	0	0	0	0	0	0	0	0
1803.jpg	1	0	0	0	0	0	0	0	0
108.jpg	1	0	0	0	0	0	0	0	0
2127.jpg	1	0	0	0	0	0	0	0	0
2807.jpg	1	0	0	0	0	0	0	0	0
363.jpg	1	0	0	0	0	0	0	0	0
2083.jpg	1	0	0	0	0	0	0	0	0
452.jpg	1	0	0	0	0	0	0	0	0
2036.jpg	1	0	0	0	0	0	0	0	0
2841.jpg	1	0	0	0	0	0	0	0	0
1809.jpg	1	0	0	0	0	0	0	0	0
1194.jpg	1	0	0	0	0	0	0	0	0
46.jpg	1	0	0	0	0	0	0	0	0
1732.jpg	1	0	0	0	0	0	0	0	0
386.jpg	1	0	0	0	0	0	0	0	0
303.jpg	1	0	0	0	0	0	0	0	0
2112.jpg	1	0	0	0	0	0	0	0	0
2863.jpg	1	0	0	0	0	0	0	0	0
2848.jpg	1	0	0	0	0	0	0	0	0
1443.jpg	1	0	0	0	0	0	0	0	0
1144.jpg	1	0	0	0	0	0	0	0	0
1942.jpg	1	0	0	0	0	0	0	0	0
1896.jpg	1	0	0	0	0	0	0	0	0
1651.jpg	1	0	0	0	0	0	0	0	0
1991.jpg	1	0	0	0	0	0	0	0	0
1897.jpg	1	0	0	0	0	0	0	0	0
1695.jpg	1	0	0	0	0	0	0	0	0
331.jpg	1	0	0	0	0	0	0	0	0
1199.jpg	1	0	0	0	0	0	0	0	0
1460.jpg	1	0	0	0	0	0	0	0	0
1462.jpg	1	0	0	0	0	0	0	0	0
1858.jpg	1	0	0	0	0	0	0	0	0
1219.jpg	1	0	0	0	0	0	0	0	0
2892.jpg	1	0	0	0	0	0	0	0	0
1583.jpg	1	0	0	0	0	0	0	0	0
230.jpg	1	0	0	0	0	0	0	0	0
1227.jpg	1	0	0	0	0	0	0	0	0
1439.jpg	1	0	0	0	0	0	0	0	0
220.jpg	1	0	0	0	0	0	0	0	0
128.jpg	1	0	0	0	0	0	0	0	0
1292.jpg	1	0	0	0	0	0	0	0	0
137.jpg	1	0	0	0	0	0	0	0	0
2348.jpg	1	0	0	0	0	0	0	0	0
1697.jpg	1	0	0	0	0	0	0	0	0
68.jpg	1	0	0	0	0	0	0	0	0
2307.jpg	1	0	0	0	0	0	0	0	0
2051.jpg	1	0	0	0	0	0	0	0	0
871.jpg	1	0	0	0	0	0	0	0	0
1774.jpg	1	0	0	0	0	0	0	0	0
583.jpg	0	1	0	0	0	0	0	0	0
2060.jpg	0	1	0	0	0	0	0	0	0
420.jpg	0	1	0	0	0	0	0	0	0
497.jpg	0	1	0	0	0	0	0	0	0
690.jpg	0	1	0	0	0	0	0	0	0
794.jpg	0	0	0	0	1	0	0	0	0
2740.jpg	0	0	0	0	1	0	0	0	0
1103.jpg	0	0	0	0	1	0	0	0	0
578.jpg	0	0	0	0	1	0	0	0	0
639.jpg	0	1	0	0	0	0	0	0	0
2552.jpg	0	0	0	0	0	1	0	0	0
736.jpg	0	1	0	0	0	0	0	0	0
301.jpg	0	1	0	0	0	0	0	0	0
646.jpg	0	1	0	0	0	0	0	0	0
737.jpg	0	0	0	0	1	0	0	0	0
734.jpg	0	1	0	0	0	0	0	0	0
2676.jpg	0	0	0	0	1	0	0	0	0
306.jpg	0	1	0	0	0	0	0	0	0
2360.jpg	0	1	0	0	0	0	0	0	0
2442.jpg	0	1	0	0	0	0	0	0	0
609.jpg	0	1	0	0	0	0	0	0	0
1925.jpg	0	0	0	0	1	0	0	0	0
291.jpg	0	1	0	0	0	0	0	0	0
2767.jpg	0	0	0	0	1	0	0	0	0
2361.jpg	0	1	0	0	0	0	0	0	0
545.jpg	0	0	0	0	1	0	0	0	0
2102.jpg	0	1	0	0	0	0	0	0	0
2582.jpg	0	1	0	0	0	0	0	0	0
2317.jpg	0	1	0	0	0	0	0	0	0
2300.jpg	0	1	0	0	0	0	0	0	0
2647.jpg	0	0	0	0	0	1	0	0	0
551.jpg	0	0	0	0	1	0	0	0	0
1679.jpg	0	0	0	0	1	0	0	0	0
2318.jpg	0	1	0	0	0	0	0	0	0
664.jpg	0	1	0	0	0	0	0	0	0
705.jpg	0	1	0	0	0	0	0	0	0
856.jpg	0	1	0	0	0	0	0	0	0
2103.jpg	0	1	0	0	0	0	0	0	0
1082.jpg	0	0	0	0	0	1	0	0	0
434.jpg	0	1	0	0	0	0	0	0	0
835.jpg	0	1	0	0	0	0	0	0	0
908.jpg	0	0	0	0	1	0	0	0	0
2580.jpg	0	1	0	0	0	0	0	0	0
2105.jpg	0	1	0	0	0	0	0	0	0
869.jpg	0	1	0	0	0	0	0	0	0
2436.jpg	0	1	0	0	0	0	0	0	0
2404.jpg	0	1	0	0	0	0	0	0	0
2160.jpg	0	1	0	0	0	0	0	0	0
2449.jpg	0	1	0	0	0	1	0	0	0
727.jpg	0	1	0	0	0	0	0	0	0
431.jpg	0	1	0	0	0	0	0	0	0
2653.jpg	0	0	0	0	1	0	0	0	0
805.jpg	0	0	0	0	1	0	0	0	0
775.jpg	0	0	0	0	1	0	0	0	0
1111.jpg	0	0	0	0	1	0	0	0	0
2304.jpg	0	1	0	0	0	0	0	0	0
2998.jpg	0	1	1	0	0	0	0	0	0
2260.jpg	0	1	0	0	0	0	0	0	0
1982.jpg	0	1	0	0	0	0	0	0	0
2966.jpg	0	0	1	0	0	0	0	0	0
2417.jpg	0	1	0	0	0	0	0	0	0
1015.jpg	0	1	0	0	0	0	0	0	0
2435.jpg	0	1	0	0	0	0	0	0	0
717.jpg	0	1	0	0	0	0	0	0	0
2968.jpg	0	0	1	0	0	0	0	0	0
2614.jpg	0	1	0	0	0	0	0	0	0
2883.jpg	0	0	0	0	1	0	0	0	0
2049.jpg	0	0	0	0	0	1	0	0	0
506.jpg	0	1	0	0	0	0	0	0	0
565.jpg	0	1	0	0	0	0	0	0	0
2374.jpg	0	1	0	0	0	0	0	0	0
2656.jpg	0	0	0	0	1	0	0	0	0
2642.jpg	0	1	0	0	0	1	0	0	0
2282.jpg	0	1	0	0	0	0	0	0	0
548.jpg	0	0	0	0	1	0	0	0	0
1602.jpg	0	0	0	0	1	0	0	0	0
2397.jpg	0	1	0	0	0	0	0	0	0
2068.jpg	0	1	0	0	0	0	0	0	0
2537.jpg	0	1	0	0	0	0	0	0	0
894.jpg	0	1	0	0	0	0	0	0	0
2698.jpg	0	1	0	0	0	0	0	0	0
2983.jpg	0	0	1	0	0	0	0	0	0
397.jpg	0	1	0	0	0	0	0	0	0
3002.jpg	0	1	1	0	0	0	0	0	0
2301.jpg	0	1	0	0	0	0	0	0	0
648.jpg	0	1	0	0	0	0	0	0	0
1604.jpg	0	1	0	0	0	0	0	0	0
987.jpg	0	1	0	0	0	0	0	0	0
611.jpg	0	1	0	0	0	0	0	0	0
2971.jpg	0	0	1	0	0	0	0	0	0
2658.jpg	0	1	0	0	0	1	0	0	0
1971.jpg	0	1	0	0	0	0	0	0	0
2506.jpg	0	0	0	0	0	1	0	0	0
725.jpg	0	1	0	0	0	0	0	0	0
2159.jpg	0	0	0	0	1	0	0	0	0
2347.jpg	0	1	0	0	0	0	0	0	0
2526.jpg	0	1	0	0	0	0	0	0	0
436.jpg	0	1	0	0	0	0	0	0	0
1224.jpg	0	1	0	0	1	0	0	0	0
2330.jpg	0	1	0	0	0	0	0	0	0
889.jpg	0	1	0	0	0	0	0	0	0
1223.jpg	0	0	0	0	1	0	0	0	0
2567.jpg	0	1	0	0	0	0	0	0	0
897.jpg	0	0	0	0	1	0	0	0	0
2503.jpg	0	1	0	0	0	1	0	0	0
881.jpg	0	0	0	0	1	0	0	0	0
2959.jpg	0	1	1	0	0	0	0	0	0
844.jpg	0	1	0	0	0	0	0	0	0
2674.jpg	0	0	0	0	1	0	0	0	0
634.jpg	0	1	0	0	0	0	0	0	0
2420.jpg	0	1	0	0	0	0	0	0	0
960.jpg	0	0	0	0	1	0	0	0	0
2507.jpg	0	0	0	0	0	1	0	0	0
2940.jpg	0	0	1	0	0	0	0	0	0
689.jpg	0	1	0	0	0	0	0	0	0
900.jpg	0	1	0	0	1	0	0	0	0
2329.jpg	0	1	0	0	0	0	0	0	0
2657.jpg	0	0	0	0	1	0	0	0	0
667.jpg	0	1	0	0	0	0	0	0	0
1936.jpg	0	0	0	0	1	0	0	0	0
2376.jpg	0	1	0	0	0	0	0	0	0
2602.jpg	0	1	0	0	0	0	0	0	0
883.jpg	0	0	0	0	1	0	0	0	0
2294.jpg	0	1	0	0	0	0	0	0	0
587.jpg	0	1	0	0	0	0	0	0	0
855.jpg	0	0	0	0	1	0	0	0	0
278.jpg	0	0	0	0	1	0	0	0	0
2516.jpg	0	1	0	0	0	0	0	0	0
2408.jpg	0	0	0	0	1	0	0	0	0
2592.jpg	0	0	0	0	1	0	0	0	0
2448.jpg	0	1	0	0	0	0	0	0	0
502.jpg	0	1	0	0	0	0	0	0	0
838.jpg	0	0	0	0	1	0	0	0	0
2995.jpg	0	0	1	0	0	0	0	0	0
2215.jpg	0	1	0	0	0	0	0	0	0
1915.jpg	0	0	0	0	0	1	0	0	0
2645.jpg	0	0	0	0	0	1	0	0	0
819.jpg	0	1	0	0	0	0	0	0	0
860.jpg	0	0	0	0	1	0	0	0	0
2973.jpg	0	0	1	0	0	0	0	0	0
719.jpg	0	1	0	0	0	0	0	0	0
767.jpg	0	0	0	0	1	0	0	0	0
2357.jpg	0	1	0	0	0	0	0	0	0
621.jpg	0	1	0	0	0	0	0	0	0
1629.jpg	0	0	0	0	1	0	0	0	0
2428.jpg	0	1	0	0	0	0	0	0	0
608.jpg	0	1	0	0	0	0	0	0	0
488.jpg	0	1	0	0	0	0	0	0	0
898.jpg	0	0	0	0	1	0	0	0	0
1193.jpg	0	1	0	0	0	0	0	0	0
1371.jpg	0	1	0	0	0	0	0	0	0
2557.jpg	0	1	0	0	0	0	0	0	0
2375.jpg	0	1	0	0	0	0	0	0	0
706.jpg	0	1	0	0	0	0	0	0	0
376.jpg	0	1	0	0	0	0	0	0	0
678.jpg	0	1	0	0	0	0	0	0	0
1171.jpg	0	1	0	0	0	0	0	0	0
1104.jpg	0	1	0	0	0	0	0	0	0
718.jpg	0	1	0	0	0	0	0	0	0
2573.jpg	0	1	0	0	0	0	0	0	0
2571.jpg	0	0	0	0	0	1	0	0	0
2648.jpg	0	0	0	0	1	0	0	0	0
591.jpg	0	1	0	0	1	0	0	0	0
2359.jpg	0	0	0	0	1	0	0	0	0
3000.jpg	0	1	1	0	0	0	0	0	0
2337.jpg	0	1	0	0	0	0	0	0	0
791.jpg	0	1	0	0	0	0	0	0	0
575.jpg	0	0	0	0	1	0	0	0	0
658.jpg	0	0	0	0	1	0	0	0	0
2605.jpg	0	0	0	0	1	0	0	0	0
760.jpg	0	0	0	0	1	0	0	0	0
892.jpg	0	1	0	0	0	0	0	0	0
2838.jpg	0	1	0	0	1	0	0	0	0
477.jpg	0	0	0	0	1	0	0	0	0
534.jpg	0	1	0	0	0	0	0	0	0
2987.jpg	0	0	1	0	0	0	0	0	0
1883.jpg	0	0	0	0	1	0	0	0	0
973.jpg	0	1	0	0	0	0	0	0	0
2327.jpg	0	1	0	0	0	0	0	0	0
524.jpg	0	0	0	0	0	1	0	0	0
1493.jpg	0	0	0	0	0	1	0	0	0
700.jpg	0	1	0	0	0	0	0	0	0
2979.jpg	0	0	1	0	0	0	0	0	0
795.jpg	0	0	0	0	1	0	0	0	0
1346.jpg	0	0	0	0	1	0	0	0	0
1843.jpg	0	0	0	0	1	0	0	0	0
465.jpg	0	1	0	0	0	0	0	0	0
990.jpg	0	1	0	0	0	0	0	0	0
2936.jpg	0	0	1	0	0	0	0	0	0
52.jpg	0	1	0	0	0	0	0	0	0
515.jpg	0	0	0	0	1	0	0	0	0
1286.jpg	0	0	0	0	1	0	0	0	0
2961.jpg	0	0	1	0	0	0	0	0	0
3007.jpg	0	1	1	0	0	0	0	0	0
513.jpg	0	1	0	0	0	0	0	0	0
2696.jpg	0	0	0	0	1	0	0	0	0
400.jpg	0	1	0	0	1	0	0	0	0
1266.jpg	0	0	0	0	1	0	0	0	0
539.jpg	0	0	0	0	1	0	0	0	0
1093.jpg	0	1	0	0	0	0	0	0	0
2603.jpg	0	1	0	0	0	1	0	0	0
2398.jpg	0	1	0	0	0	0	0	0	0
955.jpg	0	1	0	0	0	0	0	0	0
2427.jpg	0	1	0	0	0	0	0	0	0
644.jpg	0	0	0	0	1	0	0	0	0
2623.jpg	0	1	0	0	0	0	0	0	0
708.jpg	0	1	0	0	0	0	0	0	0
730.jpg	0	1	0	0	0	0	0	0	0
2373.jpg	0	1	0	0	0	0	0	0	0
2840.jpg	0	1	0	0	0	0	0	0	0
2944.jpg	0	1	1	0	0	0	0	0	0
842.jpg	0	0	0	0	0	1	0	0	0
874.jpg	0	0	0	0	0	1	0	0	0
2323.jpg	0	1	0	0	0	0	0	0	0
1283.jpg	0	0	0	0	1	0	0	0	0
2562.jpg	0	1	0	0	0	0	0	0	0
473.jpg	0	0	0	0	1	0	0	0	0
2324.jpg	0	1	0	0	0	0	0	0	0
982.jpg	0	1	0	0	0	0	0	0	0
446.jpg	0	0	0	0	0	1	0	0	0
438.jpg	0	1	0	0	0	0	0	0	0
2768.jpg	0	0	0	0	1	0	0	0	0
279.jpg	0	0	0	0	1	0	0	0	0
956.jpg	0	1	0	0	1	0	0	0	0
2651.jpg	0	0	0	0	1	0	0	0	0
2699.jpg	0	1	0	0	0	0	0	0	0
2474.jpg	0	0	0	0	0	1	0	0	0
2402.jpg	0	1	0	0	1	0	0	0	0
2946.jpg	0	0	1	0	0	0	0	0	0
2613.jpg	0	0	0	0	0	1	0	0	0
2309.jpg	0	1	0	0	0	0	0	0	0
2958.jpg	0	0	1	0	0	0	0	0	0
1215.jpg	0	1	0	0	0	0	0	0	0
277.jpg	0	0	0	0	1	0	0	0	0
385.jpg	0	1	0	0	0	0	0	0	0
628.jpg	0	1	0	0	0	0	0	0	0
911.jpg	0	1	0	0	0	0	0	0	0
2352.jpg	0	1	0	0	0	0	0	0	0
1112.jpg	0	0	0	0	1	0	0	0	0
2833.jpg	0	0	0	0	1	0	0	0	0
540.jpg	0	1	0	0	0	0	0	0	0
653.jpg	0	0	0	0	0	1	0	0	0
2433.jpg	0	1	0	0	0	0	0	0	0
926.jpg	0	1	0	0	0	0	0	0	0
2967.jpg	0	0	1	0	0	0	0	0	0
1637.jpg	0	0	0	0	1	0	0	0	0
2980.jpg	0	0	1	0	0	0	0	0	0
1921.jpg	0	0	0	0	1	0	0	0	0
1981.jpg	0	1	0	0	0	0	0	0	0
2305.jpg	0	1	0	0	0	0	0	0	0
393.jpg	0	1	0	0	0	0	0	0	0
390.jpg	0	1	0	0	0	0	0	0	0
556.jpg	0	1	0	0	0	0	0	0	0
1616.jpg	0	0	0	0	1	0	0	0	0
901.jpg	0	1	0	0	1	0	0	0	0
1345.jpg	0	0	0	0	1	0	0	0	0
1448.jpg	0	1	0	0	0	0	0	0	0
2508.jpg	0	0	0	0	0	1	0	0	0
581.jpg	0	0	0	0	1	0	0	0	0
704.jpg	0	1	0	0	0	0	0	0	0
568.jpg	0	1	0	0	0	0	0	0	0
2377.jpg	0	1	0	0	0	0	0	0	0
2171.jpg	0	1	0	0	0	0	0	0	0
1483.jpg	0	1	0	0	0	0	0	0	0
2970.jpg	0	1	1	0	0	0	0	0	0
447.jpg	0	0	0	0	1	0	0	0	0
597.jpg	0	1	0	0	0	0	0	0	0
2996.jpg	0	0	1	0	0	0	0	0	0
2675.jpg	0	0	0	0	0	1	0	0	0
544.jpg	0	1	0	0	0	0	0	0	0
2403.jpg	0	1	0	0	0	0	0	0	0
485.jpg	0	0	0	0	1	0	0	0	0
410.jpg	0	1	0	0	0	0	0	0	0
2965.jpg	0	0	1	0	0	0	0	0	0
2473.jpg	0	0	0	0	0	1	0	0	0
867.jpg	0	0	0	0	1	0	0	0	0
822.jpg	0	1	0	0	0	0	0	0	0
2256.jpg	0	0	0	0	1	0	0	0	0
925.jpg	0	1	0	0	0	0	0	0	0
846.jpg	0	0	0	0	1	0	0	0	0
744.jpg	0	0	0	0	1	0	0	0	0
134.jpg	0	1	0	0	0	0	0	0	0
2547.jpg	0	1	0	0	0	0	0	0	0
2312.jpg	0	1	0	0	0	0	0	0	0
2789.jpg	0	0	0	0	1	0	0	0	0
381.jpg	0	0	0	0	1	0	0	0	0
849.jpg	0	1	0	0	0	0	0	0	0
507.jpg	0	1	0	0	0	0	0	0	0
751.jpg	0	1	0	0	0	0	0	0	0
1225.jpg	0	0	0	0	1	0	0	0	0
665.jpg	0	1	0	0	0	0	0	0	0
2585.jpg	0	1	0	0	0	0	0	0	0
2035.jpg	0	1	0	0	0	0	0	0	0
755.jpg	0	1	0	0	0	0	0	0	0
2947.jpg	0	0	1	0	0	0	0	0	0
2445.jpg	0	1	0	0	0	1	0	0	0
1507.jpg	0	1	0	0	0	0	0	0	0
1780.jpg	0	0	0	0	1	0	0	0	0
622.jpg	0	1	0	0	0	0	0	0	0
959.jpg	0	1	0	0	0	0	0	0	0
2259.jpg	0	0	0	0	1	0	0	0	0
991.jpg	0	1	0	0	0	0	0	0	0
2302.jpg	0	1	0	0	0	0	0	0	0
1071.jpg	0	0	0	0	1	0	0	0	0
687.jpg	0	1	0	0	0	0	0	0	0
2502.jpg	0	1	0	0	0	1	0	0	0
2421.jpg	0	1	0	0	0	0	0	0	0
697.jpg	0	1	0	0	0	0	0	0	0
720.jpg	0	1	0	0	0	0	0	0	0
2929.jpg	0	0	1	0	0	0	0	0	0
619.jpg	0	1	0	0	0	0	0	0	0
2960.jpg	0	0	1	0	0	0	0	0	0
527.jpg	0	1	0	0	0	0	0	0	0
1932.jpg	0	1	0	0	0	0	0	0	0
2972.jpg	0	1	1	0	0	0	0	0	0
3006.jpg	0	1	1	0	0	0	0	0	0
2666.jpg	0	0	0	0	1	0	0	0	0
884.jpg	0	0	0	0	1	0	0	0	0
2438.jpg	0	1	0	0	0	0	0	0	0
2706.jpg	0	1	0	0	0	1	0	0	0
647.jpg	0	1	0	0	0	0	0	0	0
923.jpg	0	0	0	0	1	0	0	0	0
969.jpg	0	0	0	0	0	1	0	0	0
808.jpg	0	0	0	0	1	0	0	0	0
2945.jpg	0	0	1	0	0	0	0	0	0
674.jpg	0	1	0	0	0	0	0	0	0
1048.jpg	0	1	0	0	0	0	0	0	0
2668.jpg	0	0	0	0	0	1	0	0	0
954.jpg	0	0	0	0	1	0	0	0	0
615.jpg	0	0	0	0	1	0	0	0	0
2391.jpg	0	1	0	0	0	0	0	0	0
780.jpg	0	1	0	0	0	0	0	0	0
1881.jpg	0	1	0	0	0	0	0	0	0
945.jpg	0	1	0	0	0	0	0	0	0
292.jpg	0	1	0	0	0	0	0	0	0
2316.jpg	0	1	0	0	0	0	0	0	0
2311.jpg	0	1	0	0	0	0	0	0	0
993.jpg	0	1	0	0	0	0	0	0	0
2515.jpg	0	1	0	0	0	0	0	0	0
788.jpg	0	0	0	0	1	0	0	0	0
853.jpg	0	1	0	0	0	0	0	0	0
643.jpg	0	1	0	0	0	0	0	0	0
640.jpg	0	0	0	0	1	0	0	0	0
2114.jpg	0	1	0	0	0	0	0	0	0
660.jpg	0	1	0	0	0	0	0	0	0
952.jpg	0	0	0	0	1	0	0	0	0
2412.jpg	0	1	0	0	0	0	0	0	0
2440.jpg	0	1	0	0	0	0	0	0	0
909.jpg	0	0	0	0	0	1	0	0	0
2981.jpg	0	0	1	0	0	0	0	0	0
882.jpg	0	1	0	0	0	0	0	0	0
707.jpg	0	1	0	0	0	0	0	0	0
580.jpg	0	1	0	0	0	0	0	0	0
3001.jpg	0	1	1	0	0	0	0	0	0
550.jpg	0	0	0	0	1	0	0	0	0
2319.jpg	0	1	0	0	0	0	0	0	0
505.jpg	0	1	0	0	0	0	0	0	0
679.jpg	0	0	0	0	1	0	0	0	0
2933.jpg	0	0	1	0	0	0	0	0	0
1916.jpg	0	1	0	0	0	0	0	0	0
2762.jpg	0	0	0	0	1	0	0	0	0
2695.jpg	0	0	0	0	1	0	0	0	0
917.jpg	0	1	0	0	0	0	0	0	0
1870.jpg	0	1	0	0	0	0	0	0	0
547.jpg	0	0	0	0	1	0	0	0	0
843.jpg	0	0	0	0	1	0	0	0	0
2204.jpg	0	1	0	0	0	0	0	0	0
953.jpg	0	1	0	0	0	0	0	0	0
2356.jpg	0	1	0	0	0	0	0	0	0
2952.jpg	0	0	1	0	0	0	0	0	0
439.jpg	0	1	0	0	0	0	0	0	0
136.jpg	0	1	0	0	0	0	0	0	0
2468.jpg	0	0	0	0	0	1	0	0	0
2372.jpg	0	1	0	0	0	0	0	0	0
902.jpg	0	1	0	0	0	0	0	0	0
2043.jpg	0	0	0	0	1	0	0	0	0
588.jpg	0	0	0	0	1	0	0	0	0
673.jpg	0	1	0	0	0	0	0	0	0
2817.jpg	0	0	0	0	1	0	0	0	0
2469.jpg	0	0	0	0	0	1	0	0	0
724.jpg	0	0	0	0	1	0	0	0	0
916.jpg	0	1	0	0	0	0	0	0	0
1040.jpg	0	0	0	0	1	0	0	0	0
2351.jpg	0	1	0	0	0	0	0	0	0
569.jpg	0	0	0	0	1	0	0	0	0
931.jpg	0	0	0	0	1	0	0	0	0
566.jpg	0	1	0	0	0	0	0	0	0
820.jpg	0	0	0	0	1	0	0	0	0
1705.jpg	0	1	0	0	0	0	0	0	0
2974.jpg	0	1	1	0	0	0	0	0	0
412.jpg	0	0	0	0	0	1	0	0	0
2313.jpg	0	1	0	0	0	0	0	0	0
2155.jpg	0	0	0	0	1	0	0	0	0
1779.jpg	0	0	0	0	1	0	0	0	0
1813.jpg	0	0	0	0	1	0	0	0	0
834.jpg	0	1	0	0	0	0	0	0	0
895.jpg	0	0	0	0	1	0	0	0	0
684.jpg	0	1	0	0	0	0	0	0	0
2353.jpg	0	1	0	0	0	0	0	0	0
1960.jpg	0	1	0	0	0	0	0	0	0
1280.jpg	0	0	0	0	1	0	0	0	0
845.jpg	0	0	0	0	1	0	0	0	0
391.jpg	0	1	0	0	0	0	0	0	0
623.jpg	0	1	0	0	0	0	0	0	0
1362.jpg	0	0	0	0	1	0	0	0	0
963.jpg	0	1	0	0	0	0	0	0	0
765.jpg	0	0	0	0	1	0	0	0	0
1919.jpg	0	0	0	0	1	0	0	0	0
2954.jpg	0	0	1	0	0	0	0	0	0
1584.jpg	0	1	0	0	0	0	0	0	0
918.jpg	0	1	0	0	0	0	0	0	0
792.jpg	0	0	0	0	1	0	0	0	0
2325.jpg	0	1	0	0	0	0	0	0	0
992.jpg	0	1	0	0	0	0	0	0	0
590.jpg	0	1	0	0	0	0	0	0	0
592.jpg	0	1	0	0	0	0	0	0	0
1585.jpg	0	1	0	0	0	0	0	0	0
478.jpg	0	0	0	0	1	0	0	0	0
2964.jpg	0	1	1	0	0	0	0	0	0
2655.jpg	0	0	0	0	0	1	0	0	0
776.jpg	0	1	0	0	0	0	0	0	0
260.jpg	0	0	0	0	1	0	0	0	0
686.jpg	0	1	0	0	0	0	0	0	0
777.jpg	0	1	0	0	0	0	0	0	0
554.jpg	0	1	0	0	0	0	0	0	0
3004.jpg	0	1	1	0	0	0	0	0	0
1531.jpg	0	0	0	0	1	0	0	0	0
564.jpg	0	0	0	0	0	1	0	0	0
618.jpg	0	1	0	0	0	0	0	0	0
695.jpg	0	0	0	0	0	1	0	0	0
811.jpg	0	1	0	0	0	0	0	0	0
630.jpg	0	0	0	0	0	1	0	0	0
2322.jpg	0	1	0	0	0	0	0	0	0
613.jpg	0	1	0	0	0	0	0	0	0
766.jpg	0	1	0	0	0	0	0	0	0
910.jpg	0	0	0	0	1	0	0	0	0
2379.jpg	0	1	0	0	0	0	0	0	0
2555.jpg	0	1	0	0	0	0	0	0	0
1137.jpg	0	1	0	0	0	0	0	0	0
2701.jpg	0	1	0	0	0	0	0	0	0
790.jpg	0	1	0	0	0	0	0	0	0
2652.jpg	0	0	0	0	0	1	0	0	0
2257.jpg	0	0	0	0	1	0	0	0	0
879.jpg	0	0	0	0	1	0	0	0	0
2978.jpg	0	0	1	0	0	0	0	0	0
607.jpg	0	1	0	0	0	0	0	0	0
1307.jpg	0	1	0	0	0	0	0	0	0
1819.jpg	0	0	0	0	1	0	0	0	0
1201.jpg	0	1	0	0	1	0	0	0	0
380.jpg	0	1	0	0	0	0	0	0	0
1929.jpg	0	1	0	0	0	0	0	0	0
429.jpg	0	1	0	0	0	0	0	0	0
2505.jpg	0	0	0	0	0	1	0	0	0
779.jpg	0	0	0	0	1	0	0	0	0
672.jpg	0	0	0	0	0	1	0	0	0
2303.jpg	0	1	0	0	0	0	0	0	0
813.jpg	0	1	0	0	0	0	0	0	0
632.jpg	0	1	0	0	0	0	0	0	0
269.jpg	0	0	0	0	0	1	0	0	0
2963.jpg	0	0	1	0	0	0	0	0	0
302.jpg	0	1	0	0	0	0	0	0	0
2413.jpg	0	1	0	0	0	0	0	0	0
2396.jpg	0	1	0	0	0	0	0	0	0
1730.jpg	0	0	0	0	1	0	0	0	0
972.jpg	0	1	0	0	0	0	0	0	0
903.jpg	0	1	0	0	0	0	0	0	0
857.jpg	0	0	0	0	1	0	0	0	0
741.jpg	0	1	0	0	0	0	0	0	0
1203.jpg	0	1	0	0	0	0	0	0	0
2671.jpg	0	0	0	0	1	0	0	0	0
552.jpg	0	1	0	0	0	0	0	0	0
484.jpg	0	0	0	0	1	0	0	0	0
1618.jpg	0	0	0	0	1	0	0	0	0
2948.jpg	0	0	1	0	0	0	0	0	0
2446.jpg	0	1	0	0	0	0	0	0	0
919.jpg	0	1	0	0	0	0	0	0	0
774.jpg	0	0	0	0	0	1	0	0	0
2314.jpg	0	1	0	0	0	0	0	0	0
2037.jpg	0	1	0	0	0	0	0	0	0
2252.jpg	0	1	0	0	0	0	0	0	0
2245.jpg	0	1	0	0	0	0	0	0	0
300.jpg	0	1	0	0	0	0	0	0	0
1720.jpg	0	0	0	0	1	0	0	0	0
851.jpg	0	1	0	0	0	0	0	0	0
1027.jpg	0	1	0	0	0	0	0	0	0
929.jpg	0	1	0	0	0	0	0	0	0
1237.jpg	0	0	0	0	1	0	0	0	0
793.jpg	0	1	0	0	0	1	0	0	0
1311.jpg	0	0	0	0	1	0	0	0	0
2369.jpg	0	1	0	0	0	0	0	0	0
2355.jpg	0	1	0	0	0	0	0	0	0
663.jpg	0	1	0	0	1	0	0	0	0
876.jpg	0	1	0	0	0	0	0	0	0
503.jpg	0	0	0	0	1	0	0	0	0
861.jpg	0	0	0	0	1	0	0	0	0
254.jpg	0	0	0	0	1	0	0	0	0
831.jpg	0	0	0	0	1	0	0	0	0
629.jpg	0	1	0	0	0	0	0	0	0
985.jpg	0	1	0	0	1	0	0	0	0
961.jpg	0	1	0	0	0	0	0	0	0
1282.jpg	0	0	0	0	1	0	0	0	0
2104.jpg	0	1	0	0	0	0	0	0	0
2931.jpg	0	0	1	0	0	0	0	0	0
467.jpg	0	1	0	0	0	0	0	0	0
