2.jpg	0	1	0	1	0	0	0	0	0
3.jpg	0	0	0	1	0	0	0	0	0
14.jpg	0	0	0	1	0	0	0	0	0
15.jpg	0	0	0	1	0	0	0	0	0
36.jpg	0	0	0	1	0	0	0	0	0
47.jpg	0	0	0	1	0	0	0	0	0
58.jpg	0	0	0	1	0	0	0	0	0
69.jpg	0	0	0	1	0	0	0	0	0
80.jpg	0	0	0	1	0	0	0	0	0
113.jpg	0	1	0	1	0	0	0	0	0
122.jpg	0	0	0	1	0	0	0	0	0
183.jpg	0	0	0	1	0	0	0	0	0
256.jpg	0	0	0	1	0	0	0	0	0
313.jpg	0	0	0	1	0	0	0	0	0
336.jpg	0	1	0	1	0	0	0	0	0
377.jpg	0	0	0	1	0	0	0	0	0
394.jpg	0	0	0	1	0	0	0	0	0
399.jpg	0	1	0	1	0	0	0	0	0
402.jpg	0	1	0	1	0	0	0	0	0
405.jpg	0	1	0	1	0	0	0	0	0
418.jpg	0	1	0	1	0	0	0	0	0
419.jpg	0	1	0	1	0	0	0	0	0
422.jpg	0	1	0	1	0	0	0	0	0
427.jpg	0	1	0	1	0	0	0	0	0
428.jpg	0	1	0	1	0	0	0	0	0
430.jpg	0	1	0	1	0	0	0	0	0
440.jpg	0	0	0	1	0	0	0	0	0
449.jpg	0	0	0	1	0	0	0	0	0
451.jpg	0	0	0	1	0	0	0	0	0
454.jpg	0	0	0	1	0	0	0	0	0
455.jpg	0	0	0	1	0	0	0	0	0
461.jpg	0	1	0	1	0	0	0	0	0
470.jpg	0	0	0	1	0	0	0	0	0
471.jpg	0	0	0	1	0	0	0	0	0
474.jpg	0	1	0	1	0	0	0	0	0
475.jpg	0	1	0	1	0	0	0	0	0
476.jpg	0	1	0	1	0	0	0	0	0
489.jpg	0	1	0	1	0	0	0	0	0
491.jpg	0	1	0	1	0	0	0	0	0
494.jpg	0	1	0	1	0	0	0	0	0
496.jpg	0	1	0	1	0	0	0	0	0
499.jpg	0	0	0	1	0	0	0	0	0
501.jpg	0	1	0	1	0	0	0	0	0
516.jpg	0	1	0	1	0	0	0	0	0
518.jpg	0	1	0	1	0	0	0	0	0
519.jpg	0	1	0	1	0	0	0	0	0
526.jpg	0	0	0	1	0	0	0	0	0
533.jpg	0	0	0	1	0	0	0	0	0
536.jpg	0	1	0	1	0	0	0	0	0
538.jpg	0	0	0	1	0	0	0	0	0
542.jpg	0	1	0	1	0	0	0	0	0
557.jpg	0	1	0	1	0	0	0	0	0
558.jpg	0	0	0	1	0	0	0	0	0
559.jpg	0	1	0	1	0	0	0	0	0
567.jpg	0	1	0	1	0	0	0	0	0
571.jpg	0	0	0	1	0	0	0	0	0
572.jpg	0	1	0	1	0	0	0	0	0
576.jpg	0	1	0	1	0	0	0	0	0
593.jpg	0	1	0	1	0	0	0	0	0
594.jpg	0	0	0	1	0	0	0	0	0
595.jpg	0	0	0	1	0	0	0	0	0
596.jpg	0	0	0	1	0	0	0	0	0
601.jpg	0	1	0	1	0	0	0	0	0
604.jpg	0	1	0	1	0	0	0	0	0
610.jpg	0	1	0	1	0	0	0	0	0
616.jpg	0	1	0	1	0	0	0	0	0
625.jpg	0	1	0	1	0	0	0	0	0
627.jpg	0	1	0	1	0	0	0	0	0
631.jpg	0	0	0	1	0	0	0	0	0
637.jpg	0	1	0	1	0	0	0	0	0
641.jpg	0	1	0	1	0	0	0	0	0
651.jpg	0	0	0	1	0	0	0	0	0
655.jpg	0	0	0	1	0	0	0	0	0
656.jpg	0	0	0	1	0	0	0	0	0
659.jpg	0	1	0	1	0	0	0	0	0
661.jpg	0	1	0	1	0	0	0	0	0
669.jpg	0	1	0	1	0	0	0	0	0
670.jpg	0	1	0	1	0	0	0	0	0
675.jpg	0	1	0	1	0	0	0	0	0
676.jpg	0	0	0	1	0	0	0	0	0
677.jpg	0	1	0	1	0	0	0	0	0
680.jpg	0	1	0	1	0	0	0	0	0
681.jpg	0	1	0	1	0	0	0	0	0
683.jpg	0	0	0	1	0	0	0	0	0
685.jpg	0	1	0	1	0	0	0	0	0
691.jpg	0	1	0	1	0	0	0	0	0
692.jpg	0	1	0	1	0	0	0	0	0
693.jpg	0	1	0	1	0	0	0	0	0
694.jpg	0	1	0	1	0	0	0	0	0
699.jpg	0	0	0	1	0	0	0	0	0
701.jpg	0	1	0	1	0	0	0	0	0
702.jpg	0	0	0	1	0	0	0	0	0
711.jpg	0	1	0	1	0	0	0	0	0
712.jpg	0	0	0	1	0	0	0	0	0
713.jpg	0	0	0	1	0	0	0	0	0
715.jpg	0	1	0	1	0	0	0	0	0
721.jpg	0	1	0	1	0	0	0	0	0
722.jpg	0	1	0	1	0	0	0	0	0
723.jpg	0	1	0	1	0	0	0	0	0
726.jpg	0	1	0	1	0	0	0	0	0
729.jpg	0	0	0	1	0	0	0	0	0
733.jpg	0	0	0	1	0	0	0	0	0
738.jpg	0	1	0	1	0	0	0	0	0
740.jpg	0	1	0	1	0	0	0	0	0
742.jpg	0	0	0	1	0	0	0	0	0
743.jpg	0	1	0	1	0	0	0	0	0
745.jpg	0	0	0	1	0	0	0	0	0
747.jpg	0	1	0	1	0	0	0	0	0
748.jpg	0	1	0	1	0	0	0	0	0
752.jpg	0	1	0	1	0	0	0	0	0
753.jpg	0	0	0	1	0	0	0	0	0
754.jpg	0	0	0	1	0	0	0	0	0
762.jpg	0	0	0	1	0	0	0	0	0
763.jpg	0	1	0	1	0	0	0	0	0
764.jpg	0	1	0	1	0	0	0	0	0
769.jpg	0	1	0	1	0	0	0	0	0
770.jpg	0	0	0	1	0	0	0	0	0
771.jpg	0	1	0	1	0	0	0	0	0
772.jpg	0	1	0	1	0	0	0	0	0
773.jpg	0	0	0	1	0	0	0	0	0
778.jpg	0	0	0	1	0	0	0	0	0
782.jpg	0	0	0	1	0	0	0	0	0
784.jpg	0	1	0	1	0	0	0	0	0
787.jpg	0	1	0	1	0	0	0	0	0
789.jpg	0	0	0	1	0	0	0	0	0
798.jpg	0	0	0	1	0	0	0	0	0
801.jpg	0	0	0	1	0	0	0	0	0
802.jpg	0	1	0	1	0	0	0	0	0
803.jpg	0	0	0	1	0	0	0	0	0
804.jpg	0	0	0	1	0	0	0	0	0
812.jpg	0	1	0	1	0	0	0	0	0
814.jpg	0	0	0	1	0	0	0	0	0
815.jpg	0	0	0	1	0	0	0	0	0
818.jpg	0	0	0	1	0	0	0	0	0
827.jpg	0	0	0	1	0	0	0	0	0
830.jpg	0	0	0	1	0	0	0	0	0
833.jpg	0	0	0	1	0	0	0	0	0
837.jpg	0	1	0	1	0	0	0	0	0
839.jpg	0	0	0	1	0	0	0	0	0
840.jpg	0	0	0	1	0	0	0	0	0
841.jpg	0	1	0	1	0	0	0	0	0
847.jpg	0	0	0	1	0	0	0	0	0
850.jpg	0	1	0	1	0	0	0	0	0
870.jpg	0	1	0	1	0	0	0	0	0
873.jpg	0	1	0	1	0	0	0	0	0
885.jpg	0	1	0	1	0	0	0	0	0
890.jpg	0	0	0	1	0	0	0	0	0
904.jpg	0	0	0	1	0	0	0	0	0
913.jpg	0	0	0	1	0	0	0	0	0
921.jpg	0	1	0	1	0	0	0	0	0
933.jpg	0	1	0	1	0	0	0	0	0
934.jpg	0	1	0	1	0	0	0	0	0
935.jpg	0	1	0	1	0	0	0	0	0
941.jpg	0	1	0	1	0	0	0	0	0
942.jpg	0	1	0	1	0	0	0	0	0
943.jpg	0	0	0	1	0	0	0	0	0
944.jpg	0	1	0	1	0	0	0	0	0
946.jpg	0	1	0	1	0	0	0	0	0
951.jpg	0	1	0	1	0	0	0	0	0
957.jpg	0	0	0	1	0	0	0	0	0
964.jpg	0	1	0	1	0	0	0	0	0
965.jpg	0	0	0	1	0	0	0	0	0
966.jpg	0	0	0	1	0	0	0	0	0
967.jpg	0	1	0	1	0	0	0	0	0
977.jpg	0	0	0	1	0	0	0	0	0
978.jpg	0	0	0	1	0	0	0	0	0
980.jpg	0	0	0	1	0	0	0	0	0
984.jpg	0	1	0	1	0	0	0	0	0
986.jpg	0	0	0	1	0	0	0	0	0
1022.jpg	0	0	0	1	0	0	0	0	0
1026.jpg	0	1	0	1	0	0	0	0	0
1038.jpg	0	1	0	1	0	0	0	0	0
1047.jpg	0	0	0	1	0	0	0	0	0
1049.jpg	0	0	0	1	0	0	0	0	0
1060.jpg	0	0	0	1	0	0	0	0	0
1115.jpg	0	1	0	1	0	0	0	0	0
1118.jpg	0	0	0	1	0	0	0	0	0
1126.jpg	0	1	0	1	0	0	0	0	0
1138.jpg	0	1	0	1	0	0	0	0	0
1160.jpg	0	1	0	1	0	0	0	0	0
1167.jpg	0	0	0	1	0	0	0	0	0
1178.jpg	0	0	0	1	0	0	0	0	0
1181.jpg	0	0	0	1	0	0	0	0	0
1204.jpg	0	0	0	1	0	0	0	0	0
1226.jpg	0	1	0	1	0	0	0	0	0
1242.jpg	0	0	0	1	0	0	0	0	0
1249.jpg	0	1	0	1	0	0	0	0	0
1260.jpg	0	1	0	1	0	0	0	0	0
1271.jpg	0	0	0	1	0	0	0	0	0
1289.jpg	0	0	0	1	0	0	0	0	0
1293.jpg	0	0	0	1	0	0	0	0	0
1315.jpg	0	1	0	1	0	0	0	0	0
1326.jpg	0	1	0	1	0	0	0	0	0
1337.jpg	0	1	0	1	0	0	0	0	0
1348.jpg	0	0	0	1	0	0	0	0	0
1360.jpg	0	1	0	1	0	0	0	0	0
1378.jpg	0	0	0	1	0	0	0	0	0
1382.jpg	0	1	0	1	0	0	0	0	0
1385.jpg	0	1	0	1	0	0	0	0	0
1409.jpg	0	0	0	1	0	0	0	0	0
1415.jpg	0	0	0	1	0	0	0	0	0
1426.jpg	0	1	0	1	0	0	0	0	0
1433.jpg	0	1	0	1	0	0	0	0	0
1437.jpg	0	1	0	1	0	0	0	0	0
1459.jpg	0	0	0	1	0	0	0	0	0
1469.jpg	0	1	0	1	0	0	0	0	0
1470.jpg	0	0	0	1	0	0	0	0	0
1471.jpg	0	1	0	1	0	0	0	0	0
1482.jpg	0	0	0	1	0	0	0	0	0
1526.jpg	0	0	0	1	0	0	0	0	0
1548.jpg	0	1	0	1	0	0	0	0	0
1570.jpg	0	1	0	1	0	0	0	0	0
1581.jpg	0	1	0	1	0	0	0	0	0
1582.jpg	0	0	0	1	0	0	0	0	0
1626.jpg	0	0	0	1	0	0	0	0	0
1670.jpg	0	1	0	1	0	0	0	0	0
1715.jpg	0	1	0	1	0	0	0	0	0
1726.jpg	0	0	0	1	0	0	0	0	0
1737.jpg	0	0	0	1	0	0	0	0	0
1759.jpg	0	1	0	1	0	0	0	0	0
1770.jpg	0	0	0	1	0	0	0	0	0
1792.jpg	0	0	0	1	0	0	0	0	0
1815.jpg	0	1	0	1	0	0	0	0	0
1892.jpg	0	1	0	1	0	0	0	0	0
1903.jpg	0	0	0	1	0	0	0	0	0
2004.jpg	0	1	0	1	0	0	0	0	0
2013.jpg	0	0	0	1	0	0	0	0	0
2027.jpg	0	1	0	1	0	0	0	0	0
2082.jpg	0	1	0	1	0	0	0	0	0
2115.jpg	0	1	0	1	0	0	0	0	0
2116.jpg	0	1	0	1	0	0	0	0	0
2149.jpg	0	1	0	1	0	0	0	0	0
2226.jpg	0	0	0	1	0	0	0	0	0
2271.jpg	0	0	0	1	0	0	0	0	0
2293.jpg	0	1	0	1	0	0	0	0	0
2315.jpg	0	1	0	1	0	0	0	0	0
2331.jpg	0	1	0	1	0	0	0	0	0
2332.jpg	0	1	0	1	0	0	0	0	0
2333.jpg	0	1	0	1	0	0	0	0	0
2334.jpg	0	1	0	1	0	0	0	0	0
2335.jpg	0	1	0	1	0	0	0	0	0
2336.jpg	0	1	0	1	0	0	0	0	0
2338.jpg	0	1	0	1	0	0	0	0	0
2339.jpg	0	1	0	1	0	0	0	0	0
2358.jpg	0	1	0	1	0	0	0	0	0
2362.jpg	0	1	0	1	0	0	0	0	0
2363.jpg	0	0	0	1	0	0	0	0	0
2364.jpg	0	1	0	1	0	0	0	0	0
2365.jpg	0	1	0	1	0	0	0	0	0
2366.jpg	0	1	0	1	0	0	0	0	0
2367.jpg	0	1	0	1	0	0	0	0	0
2368.jpg	0	1	0	1	0	0	0	0	0
2371.jpg	0	1	0	1	0	0	0	0	0
2380.jpg	0	1	0	1	0	0	0	0	0
2381.jpg	0	1	0	1	0	0	0	0	0
2382.jpg	0	1	0	1	0	0	0	0	0
2383.jpg	0	1	0	1	0	0	0	0	0
2384.jpg	0	1	0	1	0	0	0	0	0
2385.jpg	0	1	0	1	0	0	0	0	0
2392.jpg	0	1	0	1	0	0	0	0	0
2405.jpg	0	1	0	1	0	0	0	0	0
2409.jpg	0	1	0	1	0	0	0	0	0
2411.jpg	0	1	0	1	0	0	0	0	0
2415.jpg	0	1	0	1	0	0	0	0	0
2416.jpg	0	1	0	1	0	0	0	0	0
2418.jpg	0	1	0	1	0	0	0	0	0
2419.jpg	0	1	0	1	0	0	0	0	0
2422.jpg	0	1	0	1	0	0	0	0	0
2424.jpg	0	1	0	1	0	0	0	0	0
2425.jpg	0	1	0	1	0	0	0	0	0
2426.jpg	0	0	0	1	0	0	0	0	0
2429.jpg	0	1	0	1	0	0	0	0	0
2431.jpg	0	0	0	1	0	0	0	0	0
2434.jpg	0	1	0	1	0	0	0	0	0
2437.jpg	0	1	0	1	0	0	0	0	0
2450.jpg	0	1	0	1	0	0	0	0	0
2452.jpg	0	1	0	1	0	0	0	0	0
2453.jpg	0	1	0	1	0	0	0	0	0
2454.jpg	0	1	0	1	0	0	0	0	0
2457.jpg	0	1	0	1	0	0	0	0	0
2458.jpg	0	0	0	1	0	0	0	0	0
2459.jpg	0	1	0	1	0	0	0	0	0
2462.jpg	0	0	0	1	0	0	0	0	0
2466.jpg	0	0	0	1	0	0	0	0	0
2467.jpg	0	0	0	1	0	0	0	0	0
2471.jpg	0	0	0	1	0	0	0	0	0
2476.jpg	0	0	0	1	0	0	0	0	0
2477.jpg	0	0	0	1	0	0	0	0	0
2478.jpg	0	0	0	1	0	0	0	0	0
2479.jpg	0	0	0	1	0	0	0	0	0
2481.jpg	0	1	0	1	0	0	0	0	0
2483.jpg	0	1	0	1	0	0	0	0	0
2485.jpg	0	0	0	1	0	0	0	0	0
2488.jpg	0	0	0	1	0	0	0	0	0
2489.jpg	0	1	0	1	0	0	0	0	0
2490.jpg	0	0	0	1	0	0	0	0	0
2491.jpg	0	0	0	1	0	0	0	0	0
2492.jpg	0	0	0	1	0	0	0	0	0
2493.jpg	0	1	0	1	0	0	0	0	0
2494.jpg	0	0	0	1	0	0	0	0	0
2495.jpg	0	0	0	1	0	0	0	0	0
2496.jpg	0	0	0	1	0	0	0	0	0
2498.jpg	0	0	0	1	0	0	0	0	0
2509.jpg	0	1	0	1	0	0	0	0	0
2510.jpg	0	0	0	1	0	0	0	0	0
2511.jpg	0	0	0	1	0	0	0	0	0
2512.jpg	0	0	0	1	0	0	0	0	0
2513.jpg	0	0	0	1	0	0	0	0	0
2517.jpg	0	0	0	1	0	0	0	0	0
2519.jpg	0	0	0	1	0	0	0	0	0
2520.jpg	0	0	0	1	0	0	0	0	0
2522.jpg	0	0	0	1	0	0	0	0	0
2523.jpg	0	1	0	1	0	0	0	0	0
2525.jpg	0	0	0	1	0	0	0	0	0
2527.jpg	0	0	0	1	0	0	0	0	0
2528.jpg	0	0	0	1	0	0	0	0	0
2529.jpg	0	0	0	1	1	0	0	0	0
2530.jpg	0	0	0	1	0	0	0	0	0
2531.jpg	0	0	0	1	0	0	0	0	0
2532.jpg	0	0	0	1	0	0	0	0	0
2533.jpg	0	0	0	1	0	0	0	0	0
2534.jpg	0	0	0	1	0	0	0	0	0
2535.jpg	0	0	0	1	0	0	0	0	0
2536.jpg	0	0	0	1	0	0	0	0	0
2538.jpg	0	0	0	1	0	0	0	0	0
2539.jpg	0	0	0	1	0	0	0	0	0
2540.jpg	0	0	0	1	0	0	0	0	0
2541.jpg	0	0	0	1	0	0	0	0	0
2542.jpg	0	0	0	1	0	0	0	0	0
2543.jpg	0	0	0	1	0	0	0	0	0
2544.jpg	0	0	0	1	0	0	0	0	0
2545.jpg	0	0	0	1	0	0	0	0	0
2548.jpg	0	1	0	1	0	0	0	0	0
2549.jpg	0	1	0	1	0	0	0	0	0
2556.jpg	0	0	0	1	0	0	0	0	0
2558.jpg	0	1	0	1	0	0	0	0	0
2559.jpg	0	0	0	1	0	0	0	0	0
2563.jpg	0	1	0	1	0	0	0	0	0
2569.jpg	0	1	0	1	0	0	0	0	0
2570.jpg	0	0	0	1	0	0	0	0	0
2575.jpg	0	1	0	1	0	0	0	0	0
2576.jpg	0	1	0	1	0	0	0	0	0
2577.jpg	0	1	0	1	0	0	0	0	0
2579.jpg	0	1	0	1	0	0	0	0	0
2584.jpg	0	0	0	1	0	0	0	0	0
2587.jpg	0	1	0	1	0	0	0	0	0
2590.jpg	0	1	0	1	0	0	0	0	0
2591.jpg	0	0	0	1	0	0	0	0	0
2593.jpg	0	0	0	1	0	0	0	0	0
2594.jpg	0	1	0	1	0	0	0	0	0
2597.jpg	0	1	0	1	0	0	0	0	0
2598.jpg	0	1	0	1	0	0	0	0	0
2599.jpg	0	1	0	1	0	0	0	0	0
2600.jpg	0	0	0	1	0	0	0	0	0
2606.jpg	0	0	0	1	0	0	0	0	0
2607.jpg	0	0	0	1	0	0	0	0	0
2608.jpg	0	1	0	1	0	0	0	0	0
2609.jpg	0	1	0	1	0	0	0	0	0
2611.jpg	0	0	0	1	0	0	0	0	0
2612.jpg	0	0	0	1	0	0	0	0	0
2616.jpg	0	0	0	1	0	0	0	0	0
2619.jpg	0	1	0	1	0	0	0	0	0
2620.jpg	0	1	0	1	0	0	0	0	0
2621.jpg	0	0	0	1	0	0	0	0	0
2622.jpg	0	1	0	1	0	0	0	0	0
2625.jpg	0	0	0	1	0	0	0	0	0
2628.jpg	0	1	0	1	0	0	0	0	0
2629.jpg	0	0	0	1	0	0	0	0	0
2630.jpg	0	1	0	1	0	0	0	0	0
2633.jpg	0	1	0	1	0	0	0	0	0
2634.jpg	0	0	0	1	0	0	0	0	0
2638.jpg	0	1	0	1	0	0	0	0	0
2641.jpg	0	0	0	1	1	0	0	0	0
2644.jpg	0	0	0	1	0	0	0	0	0
2646.jpg	0	0	0	1	0	0	0	0	0
2649.jpg	0	0	0	1	0	0	0	0	0
2654.jpg	0	0	0	1	0	0	0	0	0
2659.jpg	0	0	0	1	0	0	0	0	0
2661.jpg	0	1	0	1	0	0	0	0	0
2662.jpg	0	0	0	1	0	0	0	0	0
2667.jpg	0	0	0	1	0	0	0	0	0
2669.jpg	0	0	0	1	0	0	0	0	0
2670.jpg	0	0	0	1	0	0	0	0	0
2672.jpg	0	0	0	1	0	0	0	0	0
2673.jpg	0	0	0	1	0	0	0	0	0
2677.jpg	0	0	0	1	0	0	0	0	0
2681.jpg	0	0	0	1	1	0	0	0	0
2683.jpg	0	1	0	1	0	0	0	0	0
2685.jpg	0	0	0	1	0	0	0	0	0
2687.jpg	0	0	0	1	0	0	0	0	0
2690.jpg	0	0	0	1	0	0	0	0	0
2692.jpg	0	0	0	1	1	0	0	0	0
2693.jpg	0	0	0	1	0	0	0	0	0
2697.jpg	0	0	0	1	0	0	0	0	0
2700.jpg	0	0	0	1	0	0	0	0	0
2705.jpg	0	0	0	1	0	0	0	0	0
2717.jpg	0	0	0	1	0	0	0	0	0
2805.jpg	0	1	0	1	0	0	0	0	0
2808.jpg	0	1	0	1	0	0	0	0	0
2816.jpg	0	0	0	1	0	0	0	0	0
2821.jpg	0	0	0	1	0	0	0	0	0
2822.jpg	0	0	0	1	0	0	0	0	0
2828.jpg	0	1	0	1	0	0	0	0	0
2839.jpg	0	1	0	1	0	0	0	0	0
2850.jpg	0	1	0	1	0	0	0	0	0
2861.jpg	0	0	0	1	0	0	0	0	0
2872.jpg	0	0	0	1	0	0	0	0	0
2905.jpg	0	1	0	1	0	0	0	0	0
2916.jpg	0	0	0	1	0	0	0	0	0
2932.jpg	0	0	1	1	0	0	0	0	0
2941.jpg	0	1	1	1	0	0	0	0	0
2942.jpg	0	1	1	1	0	0	0	0	0
2950.jpg	0	0	1	1	0	0	0	0	0
2955.jpg	0	0	1	1	0	0	0	0	0
2969.jpg	0	0	1	1	0	0	0	0	0
2977.jpg	0	0	1	1	0	0	0	0	0
2986.jpg	0	0	1	1	0	0	0	0	0
2989.jpg	0	1	1	1	0	0	0	0	0
3005.jpg	0	1	1	1	0	0	0	0	0
