28.jpg	0	1	0	1	0	0	0	0	1
91.jpg	0	0	0	0	0	0	0	0	1
135.jpg	0	0	0	0	0	0	0	0	1
148.jpg	0	1	0	0	0	0	0	0	1
169.jpg	0	0	0	0	0	0	0	0	1
191.jpg	0	0	0	0	0	0	0	0	1
219.jpg	0	1	0	0	0	0	0	0	1
224.jpg	0	0	0	0	0	0	0	0	1
245.jpg	0	0	0	0	0	0	0	0	1
282.jpg	0	1	0	1	0	0	0	0	1
387.jpg	0	0	0	0	0	0	0	0	1
403.jpg	0	1	0	0	0	0	0	0	1
413.jpg	0	1	0	1	0	0	0	0	1
423.jpg	0	1	0	1	0	0	0	0	1
425.jpg	0	0	0	0	0	0	0	0	1
441.jpg	0	1	0	1	0	0	0	0	1
462.jpg	0	1	0	0	0	0	0	0	1
479.jpg	0	1	0	1	0	0	0	0	1
532.jpg	0	0	0	0	0	0	0	0	1
635.jpg	0	1	0	1	0	0	0	0	1
638.jpg	0	1	0	1	0	0	0	0	1
652.jpg	0	1	0	1	0	0	0	0	1
662.jpg	0	1	0	0	0	0	0	0	1
668.jpg	0	1	0	0	0	0	0	0	1
671.jpg	0	1	0	1	0	0	0	0	1
746.jpg	0	1	0	0	0	0	0	0	1
783.jpg	0	1	0	0	0	0	0	0	1
786.jpg	0	0	0	0	0	0	0	0	1
799.jpg	0	0	0	1	0	0	0	0	1
806.jpg	0	0	0	1	0	0	0	0	1
810.jpg	0	0	0	1	0	0	0	0	1
825.jpg	0	1	0	0	0	0	0	0	1
826.jpg	0	1	0	1	0	0	0	0	1
880.jpg	0	0	0	1	0	0	0	0	1
886.jpg	0	1	0	1	0	0	0	0	1
905.jpg	0	1	0	1	0	0	0	0	1
922.jpg	0	1	0	0	0	0	0	0	1
940.jpg	0	1	0	0	0	0	0	0	1
947.jpg	0	1	0	1	0	0	0	0	1
968.jpg	0	1	0	1	0	0	0	0	1
1130.jpg	0	1	0	0	0	0	0	0	1
1143.jpg	0	0	0	0	0	0	0	0	1
1304.jpg	0	1	0	0	0	0	0	0	1
1377.jpg	0	0	0	0	0	0	0	0	1
1410.jpg	0	0	0	0	0	0	0	0	1
1537.jpg	0	1	0	0	0	0	0	0	1
1638.jpg	0	0	0	0	0	0	0	0	1
1652.jpg	0	0	0	0	0	0	0	0	1
1653.jpg	0	0	0	0	0	0	0	0	1
1657.jpg	0	0	0	0	0	0	0	0	1
1660.jpg	0	0	0	0	0	0	0	0	1
1692.jpg	0	0	0	0	0	0	0	0	1
1693.jpg	0	0	0	1	0	0	0	0	1
1704.jpg	0	1	0	0	0	0	0	0	1
1781.jpg	0	0	0	1	0	0	0	0	1
1851.jpg	0	0	0	0	0	0	0	0	1
1894.jpg	0	0	0	0	0	0	0	0	1
1914.jpg	0	1	0	0	0	0	0	0	1
1946.jpg	0	0	0	0	1	0	0	0	1
1957.jpg	0	1	0	0	0	0	0	0	1
1977.jpg	0	0	0	0	0	0	0	0	1
2093.jpg	0	1	0	1	0	0	0	0	1
2096.jpg	0	0	0	0	0	0	0	0	1
2126.jpg	0	1	0	1	0	0	0	0	1
2137.jpg	0	0	0	1	0	0	0	0	1
2237.jpg	0	1	0	1	0	0	0	0	1
2326.jpg	0	1	0	0	0	0	0	0	1
2388.jpg	0	1	0	0	0	0	0	0	1
2394.jpg	0	1	0	0	0	0	0	0	1
2395.jpg	0	1	0	1	0	0	0	0	1
2401.jpg	0	1	0	0	0	0	0	0	1
2432.jpg	0	1	0	1	0	0	0	0	1
2461.jpg	0	0	0	0	0	0	0	0	1
2463.jpg	0	0	0	1	0	0	0	0	1
2464.jpg	0	0	0	1	0	0	0	0	1
2480.jpg	0	1	0	1	0	0	0	0	1
2484.jpg	0	0	0	1	0	0	0	0	1
2486.jpg	0	1	0	1	0	0	0	0	1
2487.jpg	0	1	0	1	0	0	0	0	1
2521.jpg	0	1	0	1	0	0	0	0	1
2546.jpg	0	0	0	1	0	0	0	0	1
2551.jpg	0	1	0	1	0	0	0	0	1
2588.jpg	0	0	0	0	1	0	0	0	1
2589.jpg	0	1	0	1	0	0	0	0	1
2596.jpg	0	1	0	0	0	0	0	0	1
2601.jpg	0	1	0	1	0	0	0	0	1
2617.jpg	0	1	0	0	0	0	0	0	1
2618.jpg	0	1	0	0	0	0	0	0	1
2626.jpg	0	0	0	1	0	0	0	0	1
2631.jpg	0	0	0	1	0	0	0	0	1
2632.jpg	0	1	0	0	0	0	0	0	1
2635.jpg	0	0	0	1	0	0	0	0	1
2728.jpg	0	0	0	1	0	0	0	0	1
2893.jpg	0	1	0	0	0	0	0	0	1
